2588.62
10.7128
3.60304
0.192762
0
1.53654
2.99586
0
2.49375
3.65734
5.65748
0
2.62665
0
8.3174
2650.48
138.476
99.5814
115.924
105.018
121.414
0.038177
396.332
169.356
293.329
192.399
225.834
202.009
0.308727
160.766
2662.29
87.3532
95.7885
103.626
99.4119
4.69533
246.051
288.066
267.399
340.26
235.468
179.181
0
98.5794
94.4736
2644.11
117.109
98.2483
104.083
2.60567
149.458
504.824
251.299
183.176
288.097
192.8
0
127.634
93.8107
107.516
2616.78
80.688
106.453
0
193.72
205.06
194.726
348.069
184.726
439.023
3.34464
108.808
76.5866
89.8556
69.8799
2655.49
153.885
0
177.506
378.676
132.893
163.87
365.781
259.534
1.82351
119.64
93.9171
101.405
78.233
167.021
2623.89
0.278836
303.043
276.989
166.934
275.252
244.468
335.119
0
0
1.32141
4.04392
0.180728
0
0
2577.17
5.83604
10.215
2.21934
0.49428
8.22169
39.8389
1.10846
383.42
235.418
154.557
172.762
171.403
316.453
10.2503
2648.18
107.875
78.2706
68.5911
72.9493
93.4825
5.33824
184.096
293.323
494.641
162.689
387.427
254.331
16.2608
115.035
2577.17
102.494
41.1333
75.0237
76.6662
4.13747
285.566
258.117
238.22
171.645
158.722
174.449
13.0757
94.7143
68.6544
2490.75
82.9161
46.8857
34.1085
0
170.188
333.685
164.736
339.732
139.202
244.195
3.67783
59.7259
67.2578
85.5646
2586.08
55.6439
111.374
3.16413
210.81
228.958
283.474
184.262
388.627
258.885
21.1488
69.7636
62.3681
56.1052
44.5761
2556.49
73.1325
0.0733984
200.685
156.758
181.285
432.116
247.301
329.492
47.879
77.0913
90.5007
29.478
82.0248
58.9625
2592.92
