[1202, 751;
 1327, 653;
 1525, 558;
 1332, 470;
 1406, 442;
 1378, 432;
 1621, 508]
[1198.512, 751.19177;
 1320.5073, 652.81494;
 1522.2977, 558.47308;
 1329.6011, 466.68622;
 1403.1477, 441.74994;
 1377.3361, 431.95956;
 1620.8335, 507.98615]
[1195.0852, 749.90735;
 1315.0659, 654.20868;
 1519.743, 558.98187;
 1327.4364, 467.08969;
 1400.6013, 441.2926;
 1377.0759, 431.98871;
 1621.5526, 507.55576]
[1197.8065, 758.57971;
 1309.9426, 654.95807;
 1517.4161, 559.07782;
 1323.5986, 467.00797;
 1398.1487, 440.5192;
 1376.8715, 432.50464;
 1621.4193, 507.32874]
[1180, 743;
 1304.4519, 655.21576;
 1515.1707, 559.33752;
 1320.2523, 466.36011;
 1395.9015, 439.80045;
 1377.4299, 432.51483;
 1621.8215, 507.37201]
[1176.8802, 740.73706;
 1298.92, 654.90887;
 1513.1759, 559.34015;
 1317.42, 466.72052;
 1393.6971, 438.62735;
 1375.2217, 432.31107;
 1622.0901, 507.87003]
[1163, 735;
 1294.1716, 653.98718;
 1511.7638, 559.1402;
 1314.649, 466.31808;
 1392.465, 437.15698;
 1375.3341, 431.1395;
 1622.9017, 507.61841]
[1154.5051, 730.19623;
 1289.7252, 652.74548;
 1510.5219, 558.35425;
 1311.9659, 466.28955;
 1390.6869, 435.65302;
 1375.3871, 430.78427;
 1623.7653, 507.40625]
[1147.8236, 728.74731;
 1284.1116, 650.1955;
 1509.2075, 557.48712;
 1308.6562, 466.36774;
 1388.9491, 434.04724;
 1374.0189, 429.53564;
 1624.3342, 507.38641]
[1141.3779, 727.29816;
 1278.9713, 648.45782;
 1508.7224, 556.66315;
 1305.6124, 467.0192;
 1387.575, 433.05688;
 1375.7865, 429.12027;
 1625.1405, 507.5502]
[1134.8259, 726.46204;
 1272, 643;
 1508.0011, 555.45667;
 1302.7904, 466.27777;
 1385.3466, 431.96393;
 1374.7119, 428.73816;
 1626.8054, 507.08649]
[1125, 727;
 1266.7933, 640.85907;
 1507.4087, 553.55908;
 1300.0657, 466.93134;
 1382.8446, 430.98492;
 1373.3285, 427.74033;
 1627.5801, 507.09396]
[1116.6904, 723.94427;
 1263.6448, 639.93304;
 1506.6284, 552.67059;
 1297.9106, 466.84622;
 1380.3872, 430.7048;
 1371.6001, 427.05441;
 1628.5054, 507.28134]
[1110.5131, 720.6311;
 1258.1472, 638.74176;
 1505.1769, 550.33887;
 1295.9144, 466.52954;
 1377.7512, 430.34198;
 1370.8198, 425.30682;
 1629.7666, 506.8082]
[1104.8241, 719.02203;
 1253.3716, 637.94287;
 1503.4193, 548.6651;
 1293.4308, 467.10205;
 1375.2832, 430.51437;
 1369.9634, 422.8869;
 1630.8599, 506.60092]
[1099.4548, 715.19025;
 1248.2042, 637.47559;
 1501.4052, 547.58008;
 1291.6949, 466.69934;
 1373.5571, 430.52438;
 1369.4114, 422.16071;
 1632.4342, 506.55817]
[1100, 707;
 1242.7128, 637.27148;
 1499.4008, 545.88861;
 1290.5399, 466.23322;
 1375, 435;
 1367, 420;
 1633.6404, 506.50015]
[1094.9557, 704.4339;
 1237.467, 638.1347;
 1497.3365, 544.9364;
 1289.5204, 466.71927;
 1373.057, 434.4733;
 1366.9276, 418.99368;
 1634.9774, 506.73804]
[1081, 714;
 1231.4215, 637.86371;
 1489, 549;
 1288, 461;
 1370.6744, 434.23779;
 1365.4088, 417.95718;
 1635.7274, 506.35944]
[1072.8505, 712.99475;
 1225.7384, 639.23022;
 1486.1716, 548.49097;
 1286.7872, 461.36334;
 1368.2692, 433.68723;
 1363.3452, 416.81299;
 1636.8175, 506.69507]
[1064.8794, 710.82721;
 1220.7767, 640.20673;
 1483.9448, 548.01642;
 1285.5068, 459.93982;
 1367.0635, 433.11887;
 1361.4993, 415.98453;
 1638.076, 506.63409]
[1057.0217, 708.22101;
 1215.9785, 640.5481;
 1481.2412, 547.02087;
 1283.2649, 460.08737;
 1365.4165, 431.69754;
 1358.276, 414.55566;
 1639.2877, 506.52893]
[1048.1587, 707.46143;
 1210.7909, 640.39618;
 1478.3939, 546.64545;
 1281.1774, 459.98846;
 1363.6746, 430.84381;
 1355.1307, 413.63013;
 1639.4049, 506.34995]
[1039.4429, 707.64355;
 1205.5448, 640.91736;
 1475.4835, 546.19946;
 1278.1086, 459.79581;
 1361.1798, 430.10007;
 1352.2999, 413.4267;
 1639.8041, 505.88318]
[1030.2457, 708.1015;
 1201.0984, 639.58862;
 1472.7838, 545.62683;
 1274.5889, 458.6918;
 1359.6193, 429.79974;
 1349.0338, 413.73965;
 1639.8409, 505.41977]
[1020.9359, 708.76355;
 1195.9312, 637.86029;
 1469.6962, 545.63812;
 1270.2784, 457.91602;
 1356.5159, 429.31976;
 1345.553, 413.75378;
 1639.8387, 504.88486]
[1012.5248, 709.78876;
 1191.1511, 638.11206;
 1466.7499, 546.07727;
 1264.6669, 456.45944;
 1353.4677, 429.49298;
 1342.5157, 413.97745;
 1639.5669, 504.46249]
[1003.4987, 711.04926;
 1185.881, 637.18359;
 1466.5574, 548.85138;
 1260.5164, 456.11996;
 1350.1028, 430.40405;
 1338.9824, 414.47897;
 1639.583, 503.94626]
[994.78644, 711.15186;
 1180.462, 633.36298;
 1463.1621, 549.00958;
 1254.8376, 456.60229;
 1346.3782, 430.41501;
 1335.4857, 414.7103;
 1640.0114, 503.32242]
[979.84546, 711.89264;
 1170.2574, 630.36908;
 1456, 539;
 1246.2362, 456.20215;
 1337.4792, 431.39407;
 1329.5802, 414.76328;
 1640.7999, 502.74664]
[972.28424, 710.29474;
 1164.2762, 628.12451;
 1451.8907, 539.47809;
 1240.7261, 456.4949;
 1332.3851, 431.24561;
 1325.5348, 414.96155;
 1641.2279, 502.1524]
[964.3501, 709.79877;
 1157.9882, 627.42407;
 1447.3138, 539.46466;
 1235.6417, 455.77194;
 1327.5526, 431.59113;
 1321.8845, 415.33832;
 1642.2278, 501.89276]
[956.87073, 708.51416;
 1150.9708, 627.05396;
 1443.4216, 539.71844;
 1232.2849, 456.69568;
 1323.5911, 431.83212;
 1321, 408;
 1642.2355, 501.64777]
[948.64111, 706.80127;
 1143.27, 627.19397;
 1438.8997, 540.25177;
 1228.6719, 456.38043;
 1319.7922, 432.52643;
 1317.7593, 407.74313;
 1642.9962, 501.69952]
[939.49982, 705.2309;
 1136.2007, 627.17242;
 1434.7498, 540.49445;
 1218.8075, 455.44263;
 1315.689, 433.01456;
 1313.6442, 408.52145;
 1643.3071, 501.97397]
[929.81226, 704.78986;
 1129.2001, 628.98517;
 1430.3665, 541.4231;
 1215.4874, 456.58929;
 1311.3539, 433.59177;
 1311.0613, 409.48346;
 1644.1672, 502.28458]
[920.51819, 703.94;
 1121.9172, 629.2793;
 1426.3239, 542.24017;
 1211.4539, 458.81812;
 1306.967, 433.91852;
 1307.2764, 409.86707;
 1644.0309, 502.92517]
[910.65411, 704.75739;
 1115.6298, 630.63599;
 1421, 538;
 1205, 454;
 1298, 430;
 1302, 407;
 1644.6384, 503.47299]
[901.01678, 705.27917;
 1109.3182, 631.62195;
 1416.4849, 538.69751;
 1199.7064, 456.08997;
 1293.9349, 430.50644;
 1298.0571, 407.77094;
 1644.8887, 504.47073]
[891.81219, 706.25195;
 1102.355, 632.92926;
 1411.8503, 539.47571;
 1193.9418, 457.49103;
 1289.6069, 431.15845;
 1293.6493, 408.68512;
 1644.8882, 505.47742]
[883.05029, 707.31384;
 1096.0299, 633.61462;
 1407.671, 540.60651;
 1188.4376, 458.80048;
 1285.1294, 432.14212;
 1289.46, 410.64566;
 1645.3846, 507.08826]
[875.12378, 707.53558;
 1089.8033, 636.96204;
 1403.4252, 541.61011;
 1182.7306, 459.95758;
 1280.5623, 433.5253;
 1285.3138, 412.19846;
 1645.2295, 508.21432]
[867.81189, 707.8089;
 1082.861, 636.99695;
 1399.2006, 543.46552;
 1176.5002, 461.97836;
 1274.944, 435.07394;
 1280.3403, 414.76279;
 1644.8331, 510.20483]
[859.68463, 709.8374;
 1076.5801, 637.8476;
 1395.4435, 544.66974;
 1170.7324, 463.79611;
 1270.3641, 436.66852;
 1275.7074, 416.80569;
 1644.5916, 512.04041]
[848.54407, 711.08887;
 1071.0382, 639.21564;
 1391.4495, 545.93683;
 1164.8081, 466.12915;
 1265.2216, 438.26099;
 1271.5319, 418.51791;
 1644.2345, 513.64941]
[846, 702;
 1064.7769, 640.60999;
 1387.1946, 547.867;
 1159.5341, 467.69626;
 1260.2278, 440.11514;
 1266.8816, 420.21295;
 1643.9601, 516.24109]
[838.12701, 701.70117;
 1059.3292, 641.42517;
 1383.6198, 549.14435;
 1154.5774, 470.17334;
 1255.4298, 442.91565;
 1264.7194, 421.59988;
 1643.4827, 517.66919]
[829.24432, 700.98999;
 1053.8883, 641.81165;
 1379.0928, 551.64368;
 1150.2878, 471.5701;
 1250.7106, 444.55942;
 1260.4418, 423.37302;
 1642.7906, 518.73334]
[820.69836, 701.18219;
 1048.0026, 642.53442;
 1375.748, 553.20209;
 1146.1781, 473.29037;
 1245.6908, 446.53378;
 1256.7716, 425.33133;
 1642.5465, 519.5108]
[811.40302, 701.20978;
 1042.5204, 643.97449;
 1371.0117, 555.26746;
 1141.4355, 474.54691;
 1241.2399, 448.49664;
 1252.5388, 426.78592;
 1641.5687, 521.75409]
[801.43304, 701.27814;
 1037.4884, 645.34583;
 1367.5363, 557.11224;
 1137.755, 475.6626;
 1236.3575, 450.18045;
 1250.985, 429.25986;
 1640.7522, 523.44751]
[797, 700;
 1032.7247, 646.84863;
 1364.162, 558.84558;
 1135.7201, 478.26062;
 1232.019, 451.62793;
 1247.922, 431.53409;
 1640.2598, 525.37903]
[789.18396, 701.46515;
 1028.7831, 648.03955;
 1360.9802, 560.15118;
 1132.127, 480.49475;
 1229.0554, 453.20007;
 1244.7393, 432.07269;
 1640.0156, 526.95105]
[778, 703;
 1024.4818, 649.49792;
 1357.8643, 561.36566;
 1126.693, 480.61914;
 1224.384, 454.77182;
 1241.6122, 433.04221;
 1638.8235, 528.53314]
[770.09882, 706.3515;
 1020.7011, 650.60388;
 1354.9865, 562.86835;
 1122.2378, 481.84909;
 1221.6874, 456.50919;
 1237.9065, 435.31442;
 1638.4536, 530.29712]
[761.73157, 711.69739;
 1019.3351, 652.77167;
 1352.5748, 564.52887;
 1118.0427, 483.72003;
 1218.1967, 457.90924;
 1234.8098, 436.95355;
 1638.7058, 531.53467]
[754.42841, 716.72791;
 1016.095, 653.41364;
 1349.8754, 565.8645;
 1114.0173, 485.67651;
 1214.6125, 459.22339;
 1230.6045, 437.84171;
 1638.4473, 531.99579]
[747.05005, 721.59247;
 1014.7672, 654.43536;
 1348.156, 566.64062;
 1109.8552, 486.91577;
 1210.8499, 460.61667;
 1225.6084, 438.69684;
 1638.1199, 532.96692]
[748, 731;
 1012.7172, 655.52594;
 1346.6233, 567.2171;
 1104.3125, 487.2865;
 1207.531, 462.02728;
 1220.9749, 439.88391;
 1638.0585, 534.20459]
[735, 726;
 1011.507, 657.0672;
 1344.4752, 568.5697;
 1098.5544, 487.30362;
 1203.9728, 462.8707;
 1217.2716, 442.14783;
 1637.4213, 535.42114]
[724, 727;
 1008.361, 659.60132;
 1341.2255, 570.67108;
 1087.9086, 490.07764;
 1194.5449, 465.1286;
 1208.5479, 444.87836;
 1635.879, 537.18304]
[719.71436, 729.09222;
 1007.0576, 660.50842;
 1339.5084, 571.31744;
 1081.5325, 490.85406;
 1191.5109, 465.08911;
 1204.2859, 446.82657;
 1635.6012, 538.4679]
[716, 734;
 1005.7556, 661.534;
 1338.8569, 571.72217;
 1077.5669, 493.00006;
 1186.6986, 464.51935;
 1201.4187, 448.27921;
 1635.5759, 539.6792]
[709.58289, 738.48969;
 1004.6465, 662.5025;
 1337.9331, 571.99823;
 1073.04, 494.41513;
 1182.8727, 465.38922;
 1198.4844, 449.27673;
 1635.4951, 540.97534]
[713, 738;
 1002.7444, 662.69012;
 1337.3998, 573.30396;
 1069.3508, 494.71637;
 1179.1466, 466.14761;
 1194.6433, 450.19345;
 1635.1541, 541.96155]
[710, 740;
 1002.1327, 665.15375;
 1336.5194, 573.74036;
 1064.2351, 495.43713;
 1175.1536, 467.16339;
 1190.4965, 451.28632;
 1635.1106, 543.02039]
[709.40686, 742.14075;
 1000.0413, 664.99597;
 1335.8273, 574.85529;
 1060.1469, 496.43054;
 1172.2446, 468.76361;
 1186.545, 451.79901;
 1635.1941, 544.53357]
[710, 745;
 997.89978, 665.76294;
 1335.1611, 575.37836;
 1055.5286, 496.39975;
 1169.2603, 469.49658;
 1185.1913, 450.85553;
 1635.1686, 544.75311]
[707.89362, 744.90057;
 994.71637, 665.22522;
 1334.7405, 576.83954;
 1050.8209, 493.62738;
 1165.3571, 469.28479;
 1177.4301, 450.85522;
 1635.5438, 545.53632]
[705.10095, 747.14172;
 991.17432, 664.57593;
 1333.2841, 577.02087;
 1040.3168, 491.08017;
 1160.609, 467.4614;
 1174.7213, 451.09973;
 1635.5221, 545.98712]
[702.6488, 748.55078;
 988.61572, 665.49615;
 1332.1703, 577.54688;
 1050, 495;
 1157.5034, 468.67929;
 1172.8425, 453.5885;
 1635.5985, 546.56805]
[700.89087, 751.53876;
 986.39154, 667.57098;
 1331.1349, 578.10437;
 1039, 495;
 1153.8617, 468.50909;
 1168.297, 456.28061;
 1636.2086, 547.31586]
[700.03772, 752.77966;
 984.38422, 668.04547;
 1330.3503, 578.09979;
 1032.1946, 500.64694;
 1151.126, 468.87076;
 1165.4207, 457.38843;
 1636.2177, 547.60406]
[696.6347, 757.27917;
 981.97113, 669.6123;
 1328.8663, 578.05737;
 1027.4373, 500.76523;
 1147.2584, 469.09824;
 1162.3582, 457.96191;
 1636.4852, 547.55072]
[692.79272, 760.73462;
 979.86328, 670.91638;
 1328.0923, 578.06714;
 1027, 496;
 1144.2463, 469.31119;
 1159.1415, 459.19876;
 1636.3641, 548.16132]
[691.83258, 763.66687;
 977.05865, 672.53186;
 1325.8466, 578.11383;
 1021.9697, 497.09631;
 1140.1675, 470.17975;
 1155.8337, 459.66486;
 1636.3467, 547.74152]
[686.44952, 765.27881;
 974.49023, 672.85797;
 1324.7067, 578.66638;
 1016.3293, 498.69189;
 1137.0465, 472.28693;
 1151.9078, 460.42059;
 1636.4086, 548.79785]
[692, 752;
 972.24927, 673.44171;
 1323.2218, 579.32172;
 1011.7609, 499.43649;
 1134.0011, 474.06216;
 1148.7952, 462.2655;
 1637.0355, 548.42877]
[692, 749;
 970.25018, 674.92639;
 1321.3198, 579.7312;
 1006.7552, 500.76968;
 1130.0948, 474.77304;
 1145.2161, 463.52542;
 1636.312, 549.02014]
[688.92505, 750.11877;
 967.3197, 675.82587;
 1319.3303, 579.74597;
 1002.7318, 501.45917;
 1126.4352, 475.52509;
 1142.8799, 464.88779;
 1636.163, 548.84387]
[689, 747;
 965.35449, 675.89087;
 1317.5737, 579.79016;
 998.77106, 503.082;
 1122.7598, 476.27725;
 1139.5104, 466.20593;
 1636.474, 548.96558]
[692, 748;
 963.77979, 676.20312;
 1316.4917, 580.23395;
 994.50006, 503.81516;
 1119.7234, 477.50653;
 1136.447, 467.26495;
 1636.1099, 549.20874]
[685, 752;
 961.60083, 677.23138;
 1315.0677, 580.22003;
 990.85596, 504.32877;
 1116.3905, 478.50177;
 1132, 461;
 1635.7416, 549.83765]
[696, 752;
 959.02179, 677.05951;
 1314.0338, 580.35168;
 987.21552, 504.88138;
 1113.8132, 478.97647;
 1129.3701, 461.64429;
 1635.3788, 550.73798]
[694, 750;
 957.39374, 677.07886;
 1313.0873, 580.96375;
 984.01721, 505.23584;
 1110.5256, 479.16608;
 1126.0677, 461.62875;
 1636.0605, 551.70642]
[695.98004, 747.98047;
 954.37207, 677.47186;
 1311.7836, 580.75153;
 980.39874, 505.93298;
 1107.2723, 480.06482;
 1123.7273, 462.06848;
 1635.9271, 551.91284]
[694.11377, 748.04333;
 952.41895, 678.89935;
 1310.3074, 580.78229;
 977.88513, 506.29889;
 1104.7451, 480.02948;
 1122.4923, 462.6684;
 1635.8947, 552.94501]
[692.16974, 747.43195;
 949.52039, 679.6991;
 1310.1611, 581.98553;
 974.94025, 507.43436;
 1101.6466, 480.30237;
 1119.5211, 463.94656;
 1636.1749, 553.96826]
[697, 746;
 946.91992, 680.89697;
 1308.2737, 581.61157;
 972.48615, 507.31192;
 1098.0367, 480.42722;
 1116.7797, 464.84421;
 1636.4161, 554.82281]
[690.86676, 748.65479;
 941.77448, 680.18561;
 1306.2152, 582.81958;
 965.0788, 507.9364;
 1089.7228, 482.13043;
 1112.2886, 465.99432;
 1637.7864, 557.00922]
[692.10846, 748.42084;
 940.32416, 680.87848;
 1305.2848, 583.19299;
 956, 504;
 1083, 483;
 1106, 460;
 1638.6378, 557.83746]
[692.07446, 748.89642;
 938.44812, 682.37891;
 1304.0076, 583.16669;
 952.29205, 504.10461;
 1077.9719, 484.31055;
 1102.1351, 460.85696;
 1639.3143, 558.45142]
[694.84784, 749.854;
 935.37213, 685.23907;
 1303.5072, 584.13495;
 948.66199, 504.62506;
 1074.4214, 486.2178;
 1098.5676, 461.35828;
 1640.3657, 558.75403]
[695.09662, 749.97046;
 931.55878, 688.56927;
 1302.0399, 584.49109;
 945.01617, 504.82263;
 1069.8871, 486.90878;
 1096.8589, 463.16336;
 1641.2703, 559.37134]
[699.0899, 749.86279;
 928.40533, 692.09692;
 1300.5336, 584.48279;
 941.08575, 505.38324;
 1069.0741, 488.35471;
 1097.0155, 463.1636;
 1642.4133, 559.85699]
[701.55493, 749.71326;
 925.88239, 695.07489;
 1299.5304, 584.97009;
 937.80432, 504.59659;
 1066.1798, 489.64728;
 1094.3799, 466.54272;
 1642.7081, 560.67676]
[711.95813, 749.94238;
 922.29547, 698.65399;
 1297.2664, 585.26147;
 934.01404, 505.50024;
 1061.4075, 490.25598;
 1092, 465;
 1643.7642, 561.15723]
[713.6629, 749.22571;
 918.25494, 700.31116;
 1295.485, 585.94952;
 930.67719, 506.61819;
 1056.9559, 492.19366;
 1091.6227, 466.25278;
 1644.5267, 561.9212]
[716.71405, 748.35901;
 914.86194, 700.36719;
 1293.8856, 586.09583;
 927.30042, 506.32321;
 1052.7506, 493.67358;
 1091.6353, 466.33307;
 1644.825, 562.63245]
[718.71375, 747.06891;
 911.39539, 699.24078;
 1292.2572, 585.64557;
 924.28595, 507.33954;
 1048.4493, 492.68387;
 1090.2954, 465.82471;
 1645.776, 562.81146]
[719.86414, 747.27374;
 907.30804, 698.93304;
 1290.8868, 585.23932;
 922.04828, 508.2739;
 1047.7681, 493.02792;
 1090.1224, 464.47305;
 1645.8877, 563.05908]
[712, 749;
 902.10065, 695.48395;
 1289.4634, 585.45734;
 919.03735, 508.99741;
 1043.7607, 493.53622;
 1084.6742, 465.0387;
 1646.1454, 563.7442]
[716.47546, 746.9502;
 898.37439, 694.09088;
 1288.5103, 585.42407;
 917.46185, 510.22107;
 1040.3142, 493.72815;
 1083.5383, 464.63824;
 1646.1649, 564.10718]
[716.86639, 747.41315;
 894.69708, 693.39636;
 1287.9432, 585.37451;
 915.13458, 510.13043;
 1036.2338, 493.96155;
 1080.97, 464.63882;
 1646.2007, 564.59271]
[718.72424, 750.76709;
 891.07782, 692.69714;
 1287.9341, 585.39355;
 911.92609, 510.4621;
 1028.9358, 495.05005;
 1072.0887, 464.95209;
 1645.6932, 564.87805]
[719.08435, 754.42889;
 886.70752, 692.82263;
 1288.4341, 584.49603;
 909.27917, 510.80667;
 1025.5144, 495.20892;
 1063.3024, 467.17654;
 1646.1335, 565.62189]
[719.23828, 756.11218;
 882.60199, 694.04181;
 1288.4301, 584.50751;
 905.98199, 512.03876;
 1020.5704, 496.92712;
 1058.3488, 466.9472;
 1646.1656, 565.60852]
[722.85095, 757.6402;
 879.89954, 696.51086;
 1288.9521, 584.12219;
 902.33398, 511.37982;
 1016.2913, 497.96689;
 1055.6611, 466.69775;
 1646.1417, 565.76892]
[716, 738;
 877.49756, 698.24603;
 1288.7375, 582.54199;
 900.10406, 511.21487;
 1013.7338, 498.26819;
 1051.3137, 467.01395;
 1646.1417, 565.7688]
[712.70416, 736.01642;
 874.66455, 700.34094;
 1288.1172, 582.82019;
 897.80048, 511.50705;
 1010.7281, 499.37387;
 1047.1458, 467.21411;
 1645.5563, 565.7796]
[710.55164, 733.52002;
 873.97113, 704.38873;
 1288.1006, 582.09454;
 896.98505, 510.87463;
 1007.4259, 499.03674;
 1042.4919, 473.68231;
 1645.5724, 565.04077]
[708.38434, 731.00818;
 872.62134, 699.72131;
 1287.0403, 581.28882;
 894.50916, 510.77216;
 1004.8186, 498.8031;
 1037.1611, 473.28372;
 1645.7169, 564.97955]
[706.93982, 728.51825;
 872.25299, 701.34497;
 1286.4197, 580.617;
 894.453, 509.79208;
 1001.5877, 498.86145;
 1033.4448, 473.37399;
 1645.8658, 564.37537]
[706.15527, 726.4942;
 873.77063, 701.74231;
 1285.7809, 579.5838;
 893.51947, 508.65076;
 998.90552, 498.0437;
 1029.0632, 473.04834;
 1646.4911, 563.04523]
[704.948, 724.27118;
 873.14526, 704.54071;
 1285.7487, 578.31744;
 893.9303, 506.9631;
 996.30609, 497.25229;
 1025.0752, 472.87607;
 1646.603, 561.99603]
[703.6424, 722.00513;
 874.34711, 711.72565;
 1285.1417, 577.18567;
 893.36597, 505.96036;
 993.91156, 496.69775;
 1021.1833, 472.6449;
 1646.5192, 560.89246]
[702.65692, 720.27386;
 880.51483, 714.33356;
 1285.1498, 575.73871;
 892.60614, 504.01294;
 991.63757, 495.28635;
 1019.4486, 473.1752;
 1646.9691, 560.21936]
[702.18323, 718.65448;
 883.7229, 714.76648;
 1285.1436, 574.0257;
 892.15039, 502.47992;
 990.0094, 493.72473;
 1017.3903, 473.061;
 1646.9681, 558.45892]
[701.2569, 716.34619;
 885.87146, 712.427;
 1284.5752, 572.17102;
 891.3017, 501.40378;
 987.46204, 492.8143;
 1014.5196, 473.31403;
 1647.1361, 556.98389]
[699.2428, 712.25995;
 890.26807, 705.79517;
 1283.424, 568.21729;
 887.53229, 497.60889;
 984.25458, 490.96475;
 1012.9655, 472.10571;
 1646.9855, 553.50195]
[698.56219, 710.60944;
 892.8266, 701.83087;
 1281.5615, 566.19666;
 885.47772, 495.33859;
 977, 477;
 1010, 456;
 1647.5216, 550.87726]
[697.99481, 708.42096;
 894.23053, 698.79095;
 1278.8656, 563.30603;
 882.07452, 492.44577;
 974.25836, 475.51575;
 1006.6635, 453.97372;
 1646.7743, 548.92889]
[697.84796, 708.21283;
 895.49878, 694.25061;
 1276.4075, 561.20587;
 878.87018, 489.6449;
 969.85107, 474.46057;
 1004.7267, 452.52484;
 1646.3956, 546.92291]
[697.88519, 706.26312;
 895.46478, 691.17999;
 1274.3645, 559.24164;
 875.25494, 487.71063;
 966.62415, 473.26102;
 1002.1569, 450.9931;
 1646.1455, 544.29205]
[696.58374, 706.20123;
 895.44226, 686.12238;
 1272.1776, 556.06;
 871.16266, 485.62073;
 962.39221, 472.03723;
 1001.2415, 448.42023;
 1645.4108, 541.77319]
[695.70703, 705.35779;
 895.31635, 681.31696;
 1270.3073, 553.8913;
 866.78174, 483.5907;
 959.00195, 470.44247;
 998.17725, 444.82181;
 1645.1244, 539.19586]
[695.15424, 703.85425;
 895.71527, 676.98456;
 1269.4202, 551.55615;
 860.65979, 480.41876;
 954.87933, 467.90735;
 996.85474, 442.57114;
 1643.6219, 536.17395]
[694.79126, 702.43793;
 896.40955, 671.0545;
 1268.0461, 549.1272;
 855.28876, 476.98672;
 949.78314, 465.4758;
 993.97095, 439.48535;
 1643.3734, 533.02917]
[695.69739, 702.9115;
 897.7135, 666.03302;
 1266.3658, 546.29303;
 851.80341, 474.30582;
 946.39117, 463.43402;
 991.35229, 436.957;
 1642.6781, 530.2738]
[694.49017, 700.99115;
 898.96008, 662.27338;
 1264.7614, 543.50226;
 847.59027, 471.95444;
 942.38983, 461.41287;
 988.35968, 433.8136;
 1641.0143, 527.90985]
[692.93134, 699.82098;
 899.66278, 657.90955;
 1260.963, 541.16254;
 844.21014, 465.85046;
 938.66589, 459.13675;
 984.75262, 431.23917;
 1640.0267, 525.15967]
[690.05853, 700.64972;
 900.56055, 652.93671;
 1257.4698, 538.74231;
 836.5235, 465.69449;
 934.03894, 456.70889;
 979.31226, 429.51352;
 1638.5424, 521.92426]
[689.45294, 699.56238;
 901.40674, 649.34296;
 1254.5483, 537.44537;
 824.7843, 468.42294;
 930.43317, 454.13696;
 973.82471, 428.13913;
 1637.1855, 519.16974]
[686.6781, 699.28162;
 901.92627, 645.32562;
 1252.4122, 535.59485;
 821.59418, 467.30322;
 926.30444, 451.5408;
 968.22559, 425.14185;
 1635.8297, 517.36914]
[688.77533, 696.86139;
 902.79791, 642.0238;
 1250.907, 534.3656;
 811.68127, 473.53955;
 922.02026, 449.13409;
 963.36017, 424.69232;
 1634.3051, 514.91223]
[687.4281, 691.47955;
 904.15088, 639.13513;
 1249.9403, 533.12152;
 810, 461;
 918.50684, 446.54703;
 956.19067, 421.9744;
 1633.0173, 512.74915]
[684.26404, 689.79272;
 906.09442, 637.12628;
 1249.0289, 531.91821;
 802.4173, 460.91061;
 915.13879, 442.98529;
 953.02533, 420.52728;
 1631.6245, 510.24231]
[680.99994, 688.5025;
 908.6076, 633.97778;
 1249.2216, 531.23065;
 799.26483, 459.8479;
 911.71698, 440.42059;
 952.68976, 415.69925;
 1630.6946, 507.40018]
[678.9621, 687.17389;
 911.29449, 632.414;
 1248.7476, 530.9306;
 797.72729, 458.93439;
 909.22577, 438.24573;
 951.24139, 413.29776;
 1629.8027, 504.89966]
[676.42267, 685.64893;
 913.242, 630.8078;
 1247.8899, 529.91266;
 792.94928, 458.10339;
 906.0661, 436.49628;
 951.37488, 412.63104;
 1628.8485, 503.07437]
[674.24457, 684.00879;
 914.22278, 629.05402;
 1247.9071, 530.10468;
 788.63452, 456.79788;
 903.0675, 435.07776;
 949.24896, 411.45169;
 1628.2284, 501.37787]
[671.96185, 680.45673;
 915.49823, 627.23346;
 1248.6991, 530.4104;
 784.98114, 455.18839;
 900.42145, 434.76926;
 948.7569, 411.41861;
 1627.653, 499.60202]
[666.8266, 674.92487;
 915.74756, 625.23169;
 1249.2935, 530.38171;
 783.2041, 452.60361;
 897.92163, 434.81808;
 948.24292, 411.63196;
 1626.6482, 498.09491]
[663.20337, 671.32837;
 915.53076, 623.5542;
 1250.0875, 530.09564;
 782.80817, 449.71722;
 895.44098, 435.33173;
 927.76489, 409.4426;
 1625.7509, 496.71445]
[659.09406, 667.92017;
 916.02893, 621.76147;
 1250.8734, 529.88293;
 780.92603, 449.14066;
 893.3299, 435.58163;
 923.7995, 406.34131;
 1625.1031, 495.4017]
[658, 676;
 916.15094, 620.32764;
 1253.2623, 529.57361;
 778.01239, 448.33994;
 891.19873, 435.99487;
 920.4325, 405.94318;
 1624.3647, 494.65302]
[645.7182, 677.7489;
 916.1972, 619.0733;
 1255.0909, 529.64471;
 777.15222, 447.22336;
 889.56726, 435.85184;
 919.49219, 404.96115;
 1623.3362, 493.73367]
[642.75616, 675.09033;
 917.27582, 618.08527;
 1257.1935, 528.80719;
 774.32892, 446.08609;
 887.95557, 436.15182;
 917.93463, 410.79196;
 1623.3467, 492.59915]
[639.73505, 668.34467;
 920.56732, 615.35645;
 1262.5784, 527.52924;
 771.27435, 442.63678;
 885.40295, 436.1239;
 907.3316, 411.5722;
 1623.5011, 490.69293]
[637.01196, 668.62012;
 922.8689, 614.43298;
 1263.7688, 527.08484;
 768.12244, 441.61792;
 884.72552, 435.72028;
 898.63025, 411.33752;
 1623.4152, 489.56747]
[635.97687, 674.68341;
 925.60327, 614.0304;
 1264.7321, 526.32043;
 765.13141, 440.08328;
 884.72656, 435.76395;
 891.34271, 412.16125;
 1623.3817, 488.61038]
[634.10461, 673.85645;
 928.06848, 612.92633;
 1264.7407, 525.77472;
 762.42657, 439.40509;
 883.70496, 434.88165;
 885.75354, 412.74707;
 1623.6324, 487.60498]
[630.33374, 673.22363;
 930.90527, 612.90112;
 1264.6573, 525.75909;
 761.48004, 438.68726;
 883.01392, 434.58688;
 884.14545, 411.8992;
 1622.9697, 487.2525]
[630.07642, 673.12396;
 933.80652, 612.62518;
 1264.1115, 525.16724;
 759.32233, 438.25528;
 881.42828, 433.6138;
 881.07861, 412.50104;
 1623.0172, 486.81448]
[628.62207, 671.36279;
 937.30103, 612.74274;
 1263.5808, 525.77539;
 756.20074, 434.54111;
 879.52161, 433.08215;
 879.52258, 412.13531;
 1623.4917, 486.22174]
[626.92535, 671.04248;
 939.94159, 612.7049;
 1262.0619, 525.77844;
 752.89185, 432.3078;
 876.89178, 433.07391;
 876.17731, 413.49496;
 1623.3253, 485.81253]
[625.37976, 671.56708;
 943.29669, 612.69385;
 1261.1042, 526.61829;
 750.1701, 432.24127;
 874.95233, 433.26761;
 874.44006, 414.06802;
 1623.812, 485.62158]
[622.49261, 672.70459;
 945.45264, 613.00861;
 1259.9915, 527.56244;
 744.94794, 431.10666;
 873.34442, 433.82184;
 872.53027, 414.49985;
 1623.7302, 485.05704]
[622.75323, 675.71002;
 947.10193, 612.63464;
 1258.627, 529.33026;
 737.85223, 430.46301;
 870.83728, 434.79269;
 869.60016, 415.3364;
 1623.3099, 485.64059]
[627.96503, 676.98523;
 947.46039, 612.92511;
 1257.3794, 530.62671;
 728.5484, 429.84851;
 867.89746, 435.31787;
 865.82953, 416.48154;
 1623.2062, 485.51962]
[634.42175, 676.53772;
 948.49597, 613.0163;
 1256.4983, 531.9809;
 726.79333, 428.32874;
 866.11102, 436.31277;
 862.39453, 417.68573;
 1621.7098, 485.80316]
[591, 660;
 950.00586, 612.55658;
 1255.545, 533.41101;
 721.57904, 429.0799;
 863.56299, 437.16162;
 874, 401;
 1620.952, 485.59052]
[586.60913, 658.77716;
 951.19128, 611.74921;
 1254.2781, 533.92023;
 716.10724, 429.80936;
 860.94977, 437.93356;
 873.41394, 400.23343;
 1620.88, 485.31107]
[582.27185, 658.66754;
 953.42999, 611.02795;
 1254.181, 535.19635;
 709.9649, 433.88513;
 858.31024, 438.73227;
 872.703, 398.74457;
 1620.8793, 485.22214]
[578.23578, 658.68994;
 956.5481, 610.27527;
 1254.1443, 535.72125;
 702.52075, 439.89236;
 856.54993, 439.48227;
 871.05353, 397.98059;
 1620.5848, 485.52515]
[573.5849, 659.69983;
 957.64813, 610.1593;
 1253.6028, 536.68054;
 700.85565, 440.55588;
 853.0672, 440.32468;
 870.5683, 397.08026;
 1620.7931, 485.24741]
[572.23999, 660.19897;
 960.17786, 609.84155;
 1253.5685, 538.12024;
 698.44745, 441.86688;
 849.75763, 440.96576;
 870.42914, 396.7973;
 1620.5127, 485.75916]
[570.82715, 659.29156;
 962.35266, 608.74957;
 1253.756, 539.81744;
 697.32043, 443.54807;
 847.43524, 441.68011;
 867.58344, 397.24515;
 1620.4707, 485.00995]
[572.13068, 659.46167;
 965.0105, 608.14557;
 1254.1537, 541.23615;
 695.07715, 444.57056;
 844.60358, 443.20074;
 864.14795, 397.55783;
 1620.562, 484.56476]
[567.56787, 657.85345;
 967.25171, 606.29114;
 1255.0631, 541.94318;
 694.54486, 447.01572;
 841.41217, 443.65686;
 860.96234, 397.94266;
 1620.5889, 484.34439]
[566.58942, 662.68188;
 969.36047, 604.51349;
 1256.1589, 542.25397;
 698.08508, 447.68243;
 839.14941, 444.4183;
 857.03088, 398.75012;
 1620.5088, 484.24316]
[564.54126, 668.81982;
 971.48676, 603.64465;
 1257.8926, 543.2536;
 699.26007, 447.96634;
 836.5451, 444.74966;
 853.36713, 399.44479;
 1620.5276, 483.99838]
[563.36096, 674.24048;
 973.33807, 603.1402;
 1260.0283, 544.51154;
 698.71503, 448.24274;
 833.82349, 444.78497;
 849.85004, 400.19452;
 1621.0774, 484.03052]
[562, 651;
 987, 602;
 1262.0254, 545.76245;
 698.03162, 448.19519;
 831.83167, 445.18365;
 846.44977, 400.58398;
 1621.2347, 484.07843]
[557.7926, 652.3244;
 989.00226, 602.27734;
 1264.3535, 547.78546;
 696.48303, 447.56354;
 829.5083, 445.52084;
 844.1405, 401.13217;
 1621.783, 484.40973]
[551.84711, 654.29773;
 991.41254, 602.10669;
 1266.6597, 548.53125;
 698.77869, 447.77942;
 829.1344, 446.36874;
 840.01532, 401.51511;
 1622.1505, 485.00854]
[545.42719, 655.63788;
 993.69684, 602.38293;
 1269.3661, 551.87885;
 699.85461, 447.56482;
 826.71405, 446.00464;
 838.3053, 401.30664;
 1622.7584, 485.19998]
[540.74707, 655.28503;
 996.88617, 602.14545;
 1272.0247, 553.20911;
 699.70581, 447.71814;
 825.4563, 446.32266;
 836.44489, 403.74896;
 1623.0145, 485.23904]
[536.98486, 656.21887;
 1000.1883, 602.4173;
 1274.2981, 553.42145;
 697.24506, 444.97653;
 825.20142, 447.16943;
 833.27594, 404.94321;
 1624.2853, 485.43475]
[531.36768, 659.93744;
 1006.2758, 602.50177;
 1277.8951, 554.45795;
 693.01129, 444.32828;
 821.55658, 446.0321;
 813.96399, 404.30771;
 1625.5837, 485.86777]
[530.56067, 660.57245;
 1009.1678, 602.74646;
 1279.8212, 555.18152;
 692.93951, 443.07706;
 820.51416, 446.67438;
 813.08221, 405.40659;
 1626.8989, 487.29678]
[531.59485, 659.30121;
 1011.6945, 603.29138;
 1281.5183, 556.48846;
 694.19867, 442.75092;
 820.17383, 447.75842;
 812.80725, 406.45282;
 1627.9983, 487.55222]
[531.51904, 659.32465;
 1014.7539, 603.64313;
 1283.7959, 557.43842;
 668, 426;
 819.57489, 448.6485;
 813.10754, 407.79208;
 1629.5942, 487.76913]
[530.50012, 660.7525;
 1018.0281, 603.53479;
 1285.7662, 558.20184;
 667.49231, 425.59778;
 819.48041, 450.54565;
 813.0415, 407.53824;
 1632.0696, 488.03061]
[529.24127, 660.77948;
 1021.3128, 603.78552;
 1287.7344, 559.31982;
 665.33899, 426.29501;
 819.50751, 451.84735;
 813.29272, 408.97278;
 1633.2791, 488.85355]
[528.06372, 661.39832;
 1024.1382, 603.78229;
 1289.7096, 560.06604;
 664.90637, 426.53381;
 819.73328, 452.77023;
 812.36444, 406.53796;
 1635.2849, 489.23111]
[525.46228, 660.40302;
 1026.3062, 603.98511;
 1291.5823, 560.66016;
 664.28326, 426.55038;
 820.6532, 454.10605;
 813.27698, 404.35858;
 1637.6964, 489.5864]
[525.06445, 659.57733;
 1029.5901, 603.65759;
 1294.085, 561.52985;
 663.4671, 426.64081;
 821.35632, 455.90002;
 815.43561, 403.82559;
 1640.4896, 490.05524]
[526.61621, 659.19653;
 1032.1125, 603.80621;
 1296.4392, 562.30511;
 662.25574, 428.10898;
 822.32135, 456.59839;
 814.49695, 403.81506;
 1643.3777, 490.04257]
[529.6217, 655.92438;
 1034.694, 603.60468;
 1299.5637, 563.35352;
 661.92212, 429.03503;
 823.73981, 457.29959;
 825.14972, 409.46103;
 1646.5067, 490.16495]
[533.27527, 652.64185;
 1036.6387, 603.77557;
 1301.4108, 564.46124;
 662.73212, 429.09116;
 825.82306, 457.71426;
 825.92603, 409.89795;
 1649.906, 490.47202]
[539.51562, 647.66296;
 1038.9213, 604.29938;
 1303.4949, 564.23279;
 665.23486, 430.16483;
 827.20465, 457.86661;
 826.94092, 411.39453;
 1652.9503, 490.33649]
[543.33734, 644.5387;
 1041.7728, 604.38452;
 1305.8577, 564.25842;
 664.88727, 429.58405;
 829.49841, 458.01657;
 828.66412, 412.5798;
 1656.5677, 490.53726]
[550.09808, 638.55713;
 1044.6998, 604.50897;
 1308.536, 565.25543;
 665.5022, 429.42267;
 831.9483, 458.66724;
 827.75714, 413.68143;
 1660.2191, 490.26581]
[555.1825, 633.78485;
 1047.0304, 604.60492;
 1311.2797, 566.04254;
 665.04706, 431.46323;
 833.93304, 459.19485;
 829.73926, 413.88498;
 1664.4728, 490.33719]
[562.89178, 629.42841;
 1048.8282, 604.37097;
 1314.2698, 567.47247;
 656.48822, 431.82349;
 835.72998, 459.14374;
 829.55707, 414.97244;
 1668.1985, 490.69421]
[570.66937, 627.39404;
 1050.6064, 604.36493;
 1317.8468, 568.66058;
 655, 428;
 837.18658, 459.04572;
 831.64319, 414.88644;
 1671.9619, 490.96619]
[576.79187, 625.06396;
 1052.7705, 604.4024;
 1321.5908, 570.20636;
 656.01587, 428.52319;
 838.20728, 459.22775;
 832.32776, 415.51465;
 1676.2893, 491.07385]
[581.55341, 623.06958;
 1054.771, 604.25665;
 1325.347, 570.70471;
 656.68158, 428.43591;
 838.2738, 459.23932;
 835.77966, 415.94296;
 1679.818, 491.00455]
[585.48871, 621.62469;
 1056.4764, 603.78198;
 1329.3461, 570.71741;
 658.4754, 428.11618;
 838.89349, 459.10727;
 838.21869, 416.33798;
 1684.4783, 490.76471]
[589.22095, 621.54694;
 1058.2754, 602.91901;
 1333.5665, 570.73138;
 668, 426;
 840.07178, 459.38214;
 841.07141, 415.60107;
 1687.844, 490.64041]
[587, 623;
 1059.6813, 602.57928;
 1337.562, 569.65961;
 669.59113, 425.99695;
 840.44171, 459.39163;
 843.00873, 415.11749;
 1692.1205, 490.24548]
[591.48822, 622.03937;
 1060.0956, 601.81787;
 1340.787, 568.77588;
 670.06409, 426.17603;
 841.05957, 458.20407;
 847.11401, 414.37454;
 1695.6862, 489.88702]
[595.04633, 625.53516;
 1060.1833, 601.25623;
 1344.2749, 567.78583;
 671.33618, 425.77448;
 841.44794, 458.21954;
 850.69226, 413.97385;
 1699.4576, 489.61682]
[598.09045, 623.66528;
 1059.4406, 599.68298;
 1347.277, 567.30096;
 673.16913, 425.92886;
 842.08594, 458.14368;
 852.88824, 412.68057;
 1703.1753, 489.18256]
[601.10699, 622.24994;
 1058.6079, 598.42987;
 1350.4927, 566.31433;
 675.39178, 425.27075;
 842.8219, 459.33304;
 854.3941, 411.9314;
 1707.1454, 488.69073]
[602.57837, 620.6897;
 1058.5211, 597.79681;
 1353.3162, 565.1626;
 678.36597, 424.26584;
 843.67615, 460.13492;
 856.60645, 411.0672;
 1711.1606, 488.24612]
[602.9295, 619.49994;
 1058.6198, 597.72815;
 1355.5327, 564.03473;
 680.31836, 423.53134;
 844.70398, 461.56723;
 857.35199, 410.09787;
 1714.5436, 487.63766]
[599.30566, 616.84546;
 1056.5347, 596.4278;
 1360.5071, 562.74957;
 682.64276, 422.92999;
 845.65289, 462.72665;
 855.53656, 409.4776;
 1721.1515, 486.18509]
[597.10974, 616.41565;
 1055.3397, 596.18713;
 1362.1323, 562.39252;
 682.86163, 423.02066;
 845.80048, 462.69073;
 855.53381, 410.08844;
 1723.6903, 485.54169]
[595.97864, 615.91107;
 1053.2137, 596.05347;
 1363.3143, 561.9671;
 682.77338, 423.42902;
 846.25354, 462.32071;
 858.1958, 410.32672;
 1727.4219, 485.35999]
[593.86334, 615.77258;
 1051.4141, 595.71301;
 1365.1471, 563.39905;
 667, 422;
 846.45764, 462.88589;
 860.06885, 410.40576;
 1730.3031, 485.33612]
[593.79169, 614.2085;
 1050.223, 595.01263;
 1367.3672, 565.06946;
 667.18896, 422.52902;
 845.21063, 464.3432;
 862.46985, 410.77182;
 1733.4647, 485.1777]
[593.59711, 613.79828;
 1049.5334, 594.28735;
 1368.0305, 557.21265;
 667.3559, 421.33813;
 843.61658, 465.23004;
 864.58459, 411.81421;
 1735.5955, 484.91751]
[592.67621, 614.27539;
 1049.4902, 593.73352;
 1367.8293, 549.97546;
 667.62799, 419.46524;
 842.47321, 465.81091;
 861.68103, 411.50012;
 1739.1715, 484.92139]
[592.49823, 613.99048;
 1049.2628, 592.55042;
 1381, 558;
 666.48688, 419.76459;
 842.03363, 466.54077;
 861.56152, 411.59058;
 1741.7101, 484.63922]
[591.33698, 613.81354;
 1049.1656, 591.24951;
 1380.9581, 550.0694;
 665.80902, 419.20999;
 842.12524, 467.00357;
 856.13733, 411.39618;
 1744.2853, 484.3934]
[589.32123, 613.32086;
 1060, 591;
 1381, 550;
 664.51947, 418.16217;
 841, 457;
 855.45935, 411.14273;
 1746.8683, 484.26041]
[587.98761, 613.78009;
 1060.5129, 589.68799;
 1382.6696, 549.42462;
 663.07855, 418.31769;
 840.72772, 457.75439;
 854.90833, 410.31174;
 1749.6587, 484.25296]
[586.54199, 613.11676;
 1061.4796, 587.70569;
 1383.8396, 549.67493;
 661.02612, 418.81677;
 840.25909, 460.00595;
 855.33899, 410.5184;
 1752.5829, 483.85873]
[585.50818, 612.65735;
 1062.5481, 586.19153;
 1384.9053, 549.45612;
 661.10962, 419.01456;
 839.95404, 461.36823;
 855.18793, 410.53192;
 1755.5679, 483.86426]
[585.49384, 612.22003;
 1064.3372, 582.61066;
 1385.5209, 549.48322;
 660.0741, 419.69238;
 840.06708, 462.8045;
 851.74213, 407.93216;
 1757.7019, 484.31409]
[603, 605;
 1066.7423, 580.05756;
 1386.29, 549.75806;
 660.34229, 420.16394;
 840.40637, 463.24164;
 851.16272, 406.99777;
 1760.9832, 484.65463]
[602.81482, 603.53925;
 1070.7734, 577.48053;
 1386.776, 550.02332;
 661.01019, 420.13297;
 841.08221, 463.4263;
 851.84595, 409.57553;
 1763.975, 485.09528]
[602.49719, 601.74084;
 1074.098, 573.2677;
 1386.8099, 550.76355;
 664.065, 420.0126;
 841.68945, 464.04605;
 850.5675, 408.71716;
 1766.5895, 485.62567]
[603.18854, 600.90479;
 1075.0375, 564.70093;
 1386.9094, 550.43433;
 663.23016, 418.7774;
 842.06183, 464.21033;
 850.44171, 410.00806;
 1769.3374, 485.74936]
[604.16681, 599.16693;
 1076.5751, 559.84448;
 1387.3923, 550.44452;
 662.35303, 418.36401;
 842.72894, 464.62708;
 850.5603, 410.09247;
 1772.2172, 486.08484]
[606.08124, 597.17957;
 1080.1307, 555.77972;
 1387.4851, 550.43579;
 654.19733, 416.04498;
 844.35443, 464.80612;
 850.00128, 410.60306;
 1775.2913, 485.90689]
[607.61713, 595.01178;
 1083.114, 552.96893;
 1387.7183, 550.46704;
 650.97858, 419.20044;
 844.78076, 464.51688;
 849.89655, 410.77737;
 1778.3558, 485.91641]
[608.90741, 591.63715;
 1086.4747, 551.24323;
 1388.2843, 551.16656;
 650.32446, 418.70505;
 845.55731, 464.00943;
 850.99438, 411.92444;
 1782.0638, 486.18506]
[611.08966, 589.32013;
 1089.9148, 550.2204;
 1388.1476, 551.82745;
 649.2915, 416.79684;
 845.35553, 463.50018;
 848.12579, 414.51968;
 1784.5559, 487.1499]
[613.68646, 585.92908;
 1093.6326, 550.46014;
 1388.1554, 552.84021;
 648.65131, 414.741;
 845.25873, 463.55191;
 848.98474, 416.38184;
 1788.5083, 487.39459]
[616.59436, 584.00348;
 1095.8684, 551.20581;
 1388.4045, 553.01617;
 648.41541, 414.97934;
 844.95715, 463.41489;
 847.56116, 418.84445;
 1791.308, 487.7507]
[618.5849, 583.59277;
 1099.2892, 552.48126;
 1388.6354, 553.70929;
 659, 417;
 843.79498, 464.13055;
 847.22943, 419.99707;
 1794.6674, 488.10846]
[621.00641, 581.9549;
 1103.4709, 553.55359;
 1388.8612, 553.81104;
 657.34894, 417.09033;
 841.89447, 464.33121;
 847.76575, 420.45285;
 1797.9325, 489.09412]
[623.44885, 582.01965;
 1105.4851, 553.70258;
 1389.5719, 553.57471;
 654.72614, 418.35342;
 840.50317, 465.68384;
 847.60345, 421.22641;
 1800.6858, 490.07275]
[626.1131, 581.90833;
 1106.8762, 553.53235;
 1390.3474, 554.08099;
 653.07721, 418.81323;
 838.41864, 466.26318;
 847.51019, 421.64761;
 1804.2394, 490.22061]
[628.57727, 581.979;
 1109.5422, 553.64111;
 1390.3607, 553.68817;
 651.61066, 420.91025;
 837.23944, 467.07095;
 848.59644, 421.716;
 1806.676, 490.85733]
[634.51642, 580.68402;
 1116.5975, 561.20215;
 1390.3702, 554.1413;
 662.22638, 418.1521;
 835.51733, 467.84842;
 851.909, 421.7764;
 1812.7114, 491.49957]
[637.17474, 579.33264;
 1117.9108, 559.58472;
 1389.3053, 553.91913;
 661.91809, 417.60803;
 834.92639, 467.44571;
 853.33087, 421.59653;
 1816.0098, 491.58652]
[638.98578, 577.71375;
 1118.6781, 559.11176;
 1386.1119, 552.16077;
 662.91748, 417.02927;
 834.22278, 466.57758;
 854.97833, 420.62955;
 1818.2169, 491.56339]
[639.90912, 575.55804;
 1119.3792, 558.84174;
 1385.8612, 553.69934;
 663.54199, 416.43179;
 833.76801, 466.16986;
 856.75531, 420.75787;
 1821.5454, 491.81342]
[639.95624, 570.94702;
 1119.7284, 558.87152;
 1390.0621, 558.18567;
 664.71136, 414.93808;
 832.47021, 465.31479;
 856.37579, 420.66779;
 1824.4119, 491.25696]
[637.784, 564.61963;
 1119.5701, 557.56958;
 1389.8071, 559.78625;
 664.68549, 413.36795;
 831.91943, 465.46472;
 855.19513, 420.27539;
 1827.3347, 492.01334]
[635.23004, 562.2149;
 1120.5898, 556.62079;
 1387.5007, 559.50043;
 663.25946, 411.53256;
 830.83167, 465.50562;
 854.5387, 418.62564;
 1829.736, 491.67099]
[632.17218, 562.08142;
 1120.1449, 556.26709;
 1386.6903, 559.03296;
 662.63416, 411.02216;
 830.21118, 465.90869;
 854.38531, 417.08368;
 1832.4598, 491.26483]
[630.16589, 560.51929;
 1120.2595, 555.83014;
 1385.0449, 555.41809;
 661.66168, 411.02771;
 830.04803, 466.55563;
 855.25574, 416.06201;
 1835.4924, 491.0358]
[628.83911, 558.99927;
 1120.9451, 556.01135;
 1385.5966, 555.40887;
 660.36267, 411.10904;
 830.54309, 465.79233;
 853.95319, 415.37378;
 1838.3158, 490.81979]
[626.70728, 557.88129;
 1120.9526, 555.93353;
 1383.6512, 555.59479;
 659.95996, 411.39386;
 831.25586, 469.44778;
 853.89532, 415.62228;
 1840.0754, 490.83835]
[626.00104, 557.78033;
 1121.0704, 556.01074;
 1382.7097, 554.62415;
 657.48633, 410.41641;
 831.69604, 470.12112;
 852.7572, 417.46201;
 1842.6986, 490.32074]
[624.91791, 557.58704;
 1120.1873, 556.31073;
 1382.1976, 554.54431;
 655.6369, 410.29654;
 833.40417, 471.29337;
 854.19, 417.72113;
 1845.0393, 490.36847]
[623.74493, 557.96588;
 1118.5411, 556.36334;
 1381.6276, 554.82971;
 654.19464, 410.55328;
 834.6098, 472.49185;
 853.37769, 418.69586;
 1847.4518, 490.54071]
[623.06134, 557.91614;
 1117.7441, 555.60681;
 1379.6903, 555.51642;
 645, 419;
 824, 469;
 852.23865, 419.05234;
 1849.6122, 490.37033]
[622.52502, 558.0531;
 1117.5153, 553.87177;
 1378.0231, 556.36029;
 642.70355, 419.41226;
 824.28302, 470.74414;
 852.33044, 418.28955;
 1851.6096, 489.50131]
[621.09564, 558.46777;
 1118, 537;
 1383, 537;
 641.45154, 419.86075;
 824.28156, 471.26871;
 836, 423;
 1854.3468, 489.41986]
[620.63165, 558.15613;
 1119.5057, 534.58032;
 1381.5043, 537.74707;
 640.31934, 419.65387;
 824.05896, 472.73965;
 835.08459, 422.72644;
 1856.9841, 489.49112]
[618.92139, 557.75122;
 1121.6549, 531.61847;
 1380.7871, 538.23462;
 639.58813, 419.94165;
 823.58173, 473.35565;
 834.58783, 422.1192;
 1859.2908, 488.93512]
[618.25867, 556.62311;
 1122.4895, 526.36908;
 1379.3047, 538.21265;
 642.19751, 416.86359;
 823.55511, 476.11548;
 835.3761, 421.40448;
 1860.8661, 489.08804]
[617.21198, 556.04871;
 1122.8689, 522.39886;
 1378.8425, 538.46185;
 636.26923, 415.98294;
 822.78638, 476.47278;
 836.51208, 421.32227;
 1863.1157, 488.68716]
[617.26166, 553.79236;
 1125.2428, 520.85809;
 1377.3229, 538.40564;
 634.53552, 417.46844;
 822.03748, 479.2186;
 839.60907, 420.53412;
 1864.7094, 488.76495]
[617.52948, 551.00043;
 1126.1755, 519.16357;
 1376.4746, 538.2937;
 630.99249, 422.04773;
 821.59576, 481.6442;
 843.07635, 418.55328;
 1866.7178, 488.52206]
[617.36127, 547.8501;
 1127.3335, 517.08667;
 1376.0546, 538.21802;
 626.28064, 423.59818;
 820.06744, 482.17523;
 843.52698, 418.64197;
 1867.8444, 488.45084]
[619.8454, 545.41711;
 1127.5015, 516.40564;
 1375.4613, 536.98755;
 618.4248, 424.04205;
 819.89337, 481.8793;
 843.7981, 419.14731;
 1869.5928, 487.703]
[620.51855, 542.36298;
 1128.4397, 516.57574;
 1374.6559, 536.97101;
 608.84534, 426.43329;
 818.63373, 482.46045;
 845.4411, 419.43805;
 1870.7253, 487.34875]
[620.76648, 540.89832;
 1129.2407, 517.23444;
 1373.46, 536.74585;
 602.75336, 427.15735;
 817.1098, 482.72916;
 845.99548, 422.86206;
 1871.624, 487.00262]
[620.87878, 539.86957;
 1129.5833, 518.43646;
 1373.4956, 535.62927;
 595.58618, 428.19568;
 815.95947, 483.27719;
 847.51392, 422.66611;
 1872.7266, 487.05811]
[620.63025, 539.43927;
 1130.2616, 519.39532;
 1373.5082, 534.49976;
 590.85468, 428.41547;
 813.68115, 483.66019;
 847.23608, 422.87039;
 1874.6594, 486.76172]
[620.02051, 541.4527;
 1131.7526, 521.12329;
 1373.741, 530.93738;
 619, 413;
 808.57837, 483.56836;
 849.22711, 429.99585;
 1876.7572, 486.27792]
[619.21643, 542.01233;
 1132.2876, 520.76239;
 1373.1741, 530.58337;
 616.995, 413.48477;
 805.8465, 483.68524;
 850.98004, 430.2323;
 1877.5964, 486.04401]
[618.49835, 544.06244;
 1132.562, 519.88202;
 1373.5853, 529.1626;
 614.13055, 414.13809;
 802.83539, 483.814;
 847.58545, 430.98633;
 1878.8667, 486.30878]
[618.46985, 544.91791;
 1132.3925, 519.27588;
 1373.7092, 528.59222;
 611.76508, 414.77621;
 799.65845, 484.43915;
 825, 434;
 1880.2015, 486.13]
[618.57068, 545.30267;
 1131.2517, 517.2644;
 1373.5156, 528.1214;
 609.82288, 415.18652;
 794.52057, 485.10443;
 824.95953, 434.15634;
 1881.2104, 486.69598]
[615, 552;
 1130.4706, 515.60443;
 1373.6772, 527.8736;
 608.92377, 415.80179;
 790.81201, 485.80118;
 825.93445, 434.07956;
 1881.9341, 486.62598]
[615.2608, 548.60822;
 1129.095, 514.08337;
 1373.3839, 527.84418;
 608.10217, 416.25558;
 786.96606, 486.6861;
 826.41815, 433.89117;
 1882.8497, 486.8223]
[615.4903, 548.50867;
 1128.6237, 513.75244;
 1373.2502, 527.81836;
 608.01099, 416.47546;
 783.46948, 487.44138;
 826.72211, 433.83319;
 1883.7188, 486.91617]
[614.61414, 547.76038;
 1127.7272, 513.23633;
 1374.046, 527.75745;
 607.81201, 416.60986;
 779.57599, 488.18655;
 827.07495, 432.28296;
 1885.0808, 486.63007]
[613.80981, 547.0871;
 1126.7897, 512.45203;
 1374.1251, 527.66315;
 607.68201, 416.25024;
 776.12048, 489.16992;
 826.70276, 431.0607;
 1885.9027, 486.80002]
[611.90332, 547.00494;
 1126.0447, 509.58167;
 1374.8181, 527.82385;
 607.78638, 414.51633;
 773.48773, 489.35931;
 825.1944, 429.28311;
 1887.1658, 487.3577]
[613.59161, 548.29504;
 1125.5475, 509.63281;
 1375.2633, 527.85522;
 607.48645, 414.57687;
 769.21008, 489.27994;
 822.48065, 428.8143;
 1888.1356, 487.46954]
[615.52606, 549.2168;
 1124.7493, 509.18097;
 1375.525, 527.63892;
 607.82184, 414.65408;
 765.83386, 489.44788;
 820.23199, 429.61255;
 1889.2292, 487.87814]
[617.86426, 550.30768;
 1123.8066, 510.71762;
 1375.5439, 526.55865;
 608.09021, 414.18939;
 764.54919, 491.40628;
 816.9588, 430.04208;
 1890.2236, 488.12012]
[619.35382, 551.95319;
 1122.2708, 510.98529;
 1376.1512, 525.51007;
 608.25958, 413.7916;
 763.16901, 492.90991;
 813.3717, 431.74417;
 1892.0204, 488.66446]
[615.70392, 554.08313;
 1120.5986, 511.08075;
 1375.8872, 524.22028;
 607.9328, 413.8237;
 760.42627, 493.22263;
 809.59894, 433.02515;
 1893.5331, 488.67438]
[612.96655, 555.29663;
 1119.353, 510.91107;
 1375.6479, 522.72876;
 607.81042, 413.80142;
 758.2027, 490.43314;
 806.05493, 434.29529;
 1894.8519, 488.63733]
[617.05817, 564.92267;
 1117.949, 510.82553;
 1375.1605, 521.40698;
 607.56409, 413.76202;
 752.12616, 487.19406;
 803.13849, 436.54944;
 1896.5785, 488.95282]
[616.5473, 565.87286;
 1116.6387, 510.47879;
 1374.3436, 520.45758;
 607.76434, 413.68323;
 750.55011, 487.3223;
 800.68945, 438.42267;
 1897.9709, 489.05621]
[616.30188, 567.36908;
 1115.9661, 509.18164;
 1373.6168, 519.36194;
 608.29272, 413.45432;
 751.51038, 492.80026;
 798.57971, 439.40781;
 1899.8439, 489.15851]
[612.92676, 568.6261;
 1114.4988, 507.7399;
 1372.4849, 518.70508;
 609.4964, 413.82007;
 749.67493, 495.27737;
 795.66522, 439.92371;
 1901.6343, 489.53839]
[611.29681, 569.09772;
 1113.8582, 506.80597;
 1371.2955, 518.15015;
 609.99207, 413.69977;
 747.15472, 497.89688;
 795.20331, 440.68597;
 1903.6967, 489.2757]
[611.12445, 569.11737;
 1113.5879, 505.59335;
 1370.2384, 517.76654;
 611.34802, 414.3439;
 744.64203, 500.56189;
 792.97278, 440.0549;
 1905.4619, 489.22635]
[617.08582, 568.98889;
 1112.2543, 506.63239;
 1369.2471, 517.7002;
 611.5434, 414.68997;
 742.52966, 501.16104;
 791.97626, 440.05475;
 1907.697, 489.26221]
[618.02246, 568.73456;
 1112.1215, 507.37042;
 1368.6919, 517.62964;
 612.63434, 415.34772;
 740.6156, 501.90936;
 791.20374, 440.04959;
 1909.2432, 489.49664]
[618.48639, 568.53882;
 1133, 504;
 1368.2026, 518.43872;
 612.88434, 415.40628;
 738.60583, 503.29279;
 789.60425, 439.85422;
 1911.2396, 490.00574]
[615.26086, 567.38135;
 1135.86, 502.4577;
 1368.2181, 518.92267;
 613.42609, 415.44794;
 736.7724, 504.18835;
 788.08472, 439.12366;
 1913.5916, 490.07382]
[612.33636, 566.25958;
 1137.0538, 500.57565;
 1368.2281, 520.21924;
 614.91907, 414.06699;
 733, 496;
 787.79218, 439.241;
 1915.3333, 490.4971]
[605, 545;
 1139.0336, 499.34229;
 1368.7146, 521.47382;
 615.68384, 414.09042;
 730.72656, 495.98483;
 787.86859, 439.98813;
 1917.761, 490.39804]
[606.37671, 545.1972;
 1142.7695, 498.54529;
 1368.5161, 523.09222;
 617.04169, 414.83539;
 728.09088, 496.75378;
 786.64923, 441.86069;
 1917.761, 490.39804]
[607.14331, 545.34399;
 1145.228, 498.94531;
 1368.8016, 524.74829;
 617.6933, 415.56528;
 725.28821, 496.3096;
 786.35175, 443.21857;
 1917.761, 490.39804]
[620.35876, 541.30157;
 1136.9779, 492.24469;
 1369.5201, 527.28302;
 618.69244, 417.8569;
 721.02167, 494.97687;
 784.54517, 446.48373;
 1917.761, 490.39804]
[619.92743, 541.27032;
 1138.379, 493.14478;
 1370.554, 528.12939;
 618.51373, 418.85635;
 719.11523, 494.58185;
 783.81927, 448.02554;
 1917.761, 490.39804]
[629.80902, 541.07904;
 1140.3247, 494.21542;
 1371.4705, 528.77429;
 618.78613, 422.14157;
 716.49054, 494.57697;
 782.46204, 449.59341;
 1917.761, 490.39804]
[601, 536;
 1141.7161, 494.7457;
 1372.8678, 528.98553;
 630, 430;
 713.79431, 495.72287;
 781.75427, 451.60681;
 1921.106, 491.70905]
[602.159, 535.02637;
 1143.0029, 495.27621;
 1374.158, 529.15601;
 629.40106, 430.63376;
 711.13416, 497.06223;
 780.49408, 453.74039;
 1921.106, 491.70905]
[603.56757, 534.45966;
 1143.6151, 495.51749;
 1374.7368, 529.8894;
 648, 414;
 708.53809, 497.86688;
 779.60071, 455.54059;
 1921.106, 491.70905]
[607.81842, 539.28143;
 1144.3914, 495.28903;
 1375.7921, 530.46307;
 650.01416, 414.09647;
 704.10602, 495.66269;
 778.81152, 457.33081;
 1921.106, 491.70905]
[610.30096, 538.89478;
 1145.3252, 494.55725;
 1376.1221, 531.29358;
 651.62878, 414.30167;
 702.04926, 499.18021;
 778.29688, 459.63947;
 1921.106, 491.70905]
[610.6535, 537.55743;
 1144.5316, 492.55957;
 1375.9009, 532.38416;
 653.54846, 414.72131;
 698.71924, 501.07864;
 777.88568, 461.43845;
 1921.106, 491.70905]
[611.46136, 538.32721;
 1143.6833, 493.0517;
 1376.1711, 533.95343;
 654.63391, 415.89233;
 695.4682, 504.56354;
 777.37909, 462.8931;
 1921.106, 491.70905]
[611.51959, 539.56018;
 1142.4004, 492.16852;
 1375.3263, 535.43274;
 655.98523, 417.11237;
 691.89929, 506.39383;
 777.4115, 464.90646;
 1920.2799, 491.31686]
[613.61615, 540.29376;
 1140.1884, 492.99478;
 1374.9738, 537.34552;
 657.23962, 418.06934;
 687.81116, 508.3512;
 777.13116, 466.1188;
 1922.5905, 492.38312]
[613.63037, 542.04199;
 1140.0049, 491.86169;
 1373.5245, 538.61993;
 660.11652, 417.06253;
 684.54919, 509.56323;
 776.65643, 467.54141;
 1922.5905, 492.38312]
[605.95721, 540.31873;
 1139.4797, 491.69296;
 1372.374, 541.30621;
 661.31018, 416.0607;
 681.84271, 510.94849;
 776.43079, 468.17526;
 1922.5905, 492.38312]
[596.23871, 533.12921;
 1138.6725, 491.88348;
 1370.7395, 543.09174;
 661.89917, 417.61548;
 679.84985, 511.33749;
 776.28229, 469.06546;
 1922.5905, 492.38312]
[592.19025, 534.23083;
 1138.3165, 492.45847;
 1369.0068, 544.3092;
 662.3996, 419.00165;
 684.62653, 511.15973;
 776.01428, 469.2926;
 1922.5905, 492.38312]
[587.28137, 532.26007;
 1137.354, 493.97256;
 1367.7302, 545.08179;
 662.24164, 419.52072;
 628.19916, 506.08603;
 774.73059, 470.04156;
 1923.7152, 493.58038]
[601, 539;
 1135.7073, 495.50308;
 1366.6393, 546.20184;
 663.58319, 420.22366;
 667, 504;
 772.42847, 468.91025;
 1924.5507, 494.00797]
[601.87787, 540.79742;
 1134.4832, 497.34494;
 1365.437, 546.68945;
 664.45166, 420.61264;
 664.39038, 504.12558;
 770.17883, 469.61951;
 1924.5507, 494.00797]
[595.16779, 541.82104;
 1131.0327, 504.86621;
 1364.8846, 547.50391;
 665.64728, 420.8291;
 660.73517, 504.17221;
 767.35834, 469.94122;
 1924.5507, 494.00797]
[598.52679, 553.16473;
 1129.7498, 506.51358;
 1363.7666, 548.28528;
 667.15021, 421.13538;
 656.77496, 503.92679;
 764.16034, 469.24329;
 1924.5507, 494.00797]
[594, 541;
 1138, 504;
 1362.6703, 549.53601;
 668.56592, 421.1799;
 653.30133, 504.61121;
 761.00159, 470.54675;
 1924.5507, 494.00797]
[589.80499, 540.8764;
 1136.1177, 505.13104;
 1362.3986, 550.60681;
 670.50775, 420.46619;
 649.94031, 505.39285;
 757.12054, 471.35123;
 1924.5507, 494.00797]
[589.21411, 541.98407;
 1134.5046, 505.6604;
 1362.1594, 551.13458;
 672.51929, 420.13425;
 647.14825, 505.89359;
 753.52454, 472.8793;
 1924.5507, 494.00797]
[575.67358, 542.1521;
 1132.7412, 505.35272;
 1362.2798, 551.87958;
 674.5683, 420.35181;
 643.1322, 507.20227;
 749.04388, 474.27322;
 1924.5507, 494.00797]
[571.78638, 543.42804;
 1131.553, 504.33261;
 1362.0065, 552.16156;
 676.97278, 420.74213;
 640.32135, 507.08954;
 746.16089, 475.81393;
 1924.5507, 494.00797]
[568.02252, 545.82727;
 1130.9524, 503.04312;
 1361.8441, 552.31915;
 679.75647, 421.07355;
 637.04767, 508.47629;
 742.89703, 477.18552;
 1924.5507, 494.00797]
[565.49896, 547.07245;
 1130.8904, 503.07382;
 1361.47, 552.72302;
 682.49792, 421.67911;
 635.08197, 508.91315;
 740.51324, 478.24704;
 1924.5507, 494.00797]
[563.27728, 549.62683;
 1131.347, 502.48599;
 1360.6909, 552.99921;
 684.89618, 422.07117;
 631.21033, 510.3949;
 737.8576, 479.01285;
 1924.5507, 494.00797]
[584, 542;
 1132.7904, 499.22153;
 1359.5374, 552.20251;
 691.26984, 424.32996;
 624, 513;
 733.34662, 481.37518;
 1924.5507, 494.00797]
[584.01282, 542.21576;
 1133.3716, 498.1853;
 1358.5421, 551.94135;
 692.38074, 424.55981;
 623.06537, 513.48267;
 732.22797, 482.40018;
 1924.5507, 494.00797]
[584.53094, 542.01416;
 1134.1451, 496.78098;
 1357.509, 551.64435;
 694.19293, 424.04135;
 620.68158, 513.48004;
 729.92072, 483.10333;
 1924.5507, 494.00797]
[583.08026, 541.89471;
 1134.7032, 496.59308;
 1356.3073, 551.30054;
 695.15662, 423.55267;
 619.01099, 512.62732;
 728.66833, 483.90689;
 1924.5507, 494.00797]
[591, 538;
 1135.4705, 496.5098;
 1354.9543, 551.08301;
 697.40894, 422.06924;
 606, 522;
 727.26093, 484.43066;
 1924.5507, 494.00797]
[588.95874, 537.68365;
 1135.6797, 496.52759;
 1353.9598, 550.8222;
 698.06262, 420.93442;
 603.90302, 521.28796;
 726.29364, 484.80328;
 1924.5507, 494.00797]
[587.44122, 536.41071;
 1135.8894, 497.20435;
 1352.9376, 550.07922;
 699.35883, 418.0629;
 601.69336, 520.38483;
 724.93848, 485.45477;
 1924.5507, 494.00797]
[587.62286, 535.87628;
 1135.9326, 497.66232;
 1352.1422, 549.42358;
 699.71533, 417.50183;
 599.21588, 519.42969;
 723.72327, 486.5004;
 1924.5507, 494.00797]
[586.74786, 535.10016;
 1136.1895, 497.90579;
 1351.4375, 546.89508;
 700.60748, 416.36292;
 597.70923, 519.03326;
 723.75653, 487.26233;
 1924.5507, 494.00797]
[587.73181, 534.53204;
 1136.428, 498.38788;
 1350.4403, 544.64624;
 701.01141, 416.21112;
 595.89264, 519.01709;
 723.21057, 489.32504;
 1924.5507, 494.00797]
[588.84412, 533.59546;
 1136.5507, 497.47543;
 1349.2339, 541.93915;
 701.78516, 415.8006;
 593.48547, 519.09003;
 722.91382, 489.29584;
 1924.5507, 494.00797]
[591.57477, 532.29401;
 1136.0674, 497.09848;
 1347.3965, 539.16644;
 701.9455, 416.21906;
 591.70367, 518.46277;
 722.84296, 489.20291;
 1924.5507, 494.00797]
[591.51025, 530.15894;
 1136.0499, 496.36447;
 1344.292, 537.10675;
 702.11566, 415.22589;
 591.87231, 517.82239;
 722.716, 489.79868;
 1924.5507, 494.00797]
[591.45032, 529.12183;
 1135.2084, 494.28638;
 1340.5304, 534.73926;
 700.72644, 414.77917;
 579, 519;
 722.59503, 489.79214;
 1924.5507, 494.00797]
[591.42737, 528.03387;
 1134.3317, 492.80597;
 1336.3076, 534.50177;
 700.23499, 414.2684;
 576.8905, 518.74402;
 718, 487;
 1924.5507, 494.00797]
[591.33624, 527.48132;
 1133.0652, 491.52097;
 1332.0692, 534.29193;
 722, 414;
 574.92053, 520.10638;
 717.85645, 487.24826;
 1924.5507, 494.00797]
[591.43146, 527.42651;
 1131.8252, 490.97147;
 1328.5155, 534.74884;
 723.35663, 413.62592;
 572.96014, 520.4682;
 717.76385, 487.42697;
 1924.5507, 494.00797]
[591.80823, 527.67023;
 1129.1504, 488.17496;
 1324.1697, 536.48914;
 725.64856, 413.31982;
 569.78223, 528.00049;
 717.64655, 487.2728;
 1924.5507, 494.00797]
[592.72064, 527.9256;
 1127.8179, 487.6322;
 1320.842, 537.92346;
 727.25421, 413.29892;
 563, 524;
 718.12671, 487.297;
 1924.5507, 494.00797]
[593.06598, 528.24591;
 1127.0098, 486.27945;
 1317.6683, 539.35449;
 728.60736, 413.11023;
 560.80518, 524.74915;
 718.62146, 487.50272;
 1924.5507, 494.00797]
[594.91986, 529.46027;
 1125.9591, 485.01505;
 1315.21, 541.50592;
 730.50598, 413.15137;
 557.6441, 526.55206;
 718.75549, 487.76169;
 1924.5507, 494.00797]
[595.43042, 530.23596;
 1124.9882, 484.26974;
 1313.2308, 543.20758;
 732.67603, 413.53806;
 555.38965, 528.08679;
 719.75824, 487.74612;
 1924.5507, 494.00797]
[595.25183, 530.59583;
 1123.4934, 483.77618;
 1311.7834, 544.73334;
 735.28516, 413.94452;
 552.59326, 529.68933;
 720.7608, 487.95041;
 1924.5507, 494.00797]
[595.3186, 530.99756;
 1121.8547, 483.35342;
 1310.2909, 545.97864;
 737.23865, 413.51682;
 550.68518, 530.36243;
 721.49438, 488.11032;
 1924.5507, 494.00797]
[594.38336, 528.10205;
 1120.6467, 483.82101;
 1309.2606, 546.37177;
 738.63708, 413.39075;
 548.81879, 531.49127;
 721.92566, 488.04086;
 1924.5507, 494.00797]
[595.05524, 527.48175;
 1119.5931, 484.23047;
 1309.0122, 547.54907;
 741.13275, 414.04337;
 546.64825, 531.50757;
 722.19214, 488.33017;
 1924.5507, 494.00797]
[595.2771, 527.22516;
 1118.24, 484.58105;
 1308.7687, 548.77118;
 743.28815, 414.4834;
 544.08191, 531.97467;
 723.13409, 488.50952;
 1924.5507, 494.00797]
[596, 530;
 1116.9305, 484.63348;
 1308.5267, 550.30634;
 745.07227, 415.30545;
 542.30603, 532.36359;
 723.37866, 488.75357;
 1924.5507, 494.00797]
[597.63202, 528.42029;
 1116.0217, 485.07175;
 1308.2288, 551.815;
 747.22998, 416.10031;
 539.37048, 532.34802;
 723.81262, 489.07367;
 1924.5507, 494.00797]
[595.61975, 530.16656;
 1113.4823, 483.93286;
 1307.8672, 555.19501;
 752.03613, 416.05521;
 534.97668, 533.33014;
 724.2085, 490.74088;
 1924.5507, 494.00797]
[596.08765, 529.09027;
 1112.9358, 483.02039;
 1307.6812, 556.00421;
 752.85492, 415.40738;
 531.88464, 533.75726;
 724.26312, 491.45462;
 1924.5507, 494.00797]
[596.83887, 528.70624;
 1112.8549, 482.92407;
 1307.8431, 557.46051;
 754.26379, 415.48199;
 529.45203, 533.6944;
 724.45746, 491.63095;
 1924.5507, 494.00797]
[597.46771, 528.49445;
 1112.8267, 482.784;
 1307.7285, 558.67163;
 755.16284, 415.5863;
 527.47693, 534.35242;
 724.58978, 492.33185;
 1924.5507, 494.00797]
[595.52002, 529.42047;
 1112.8621, 481.16281;
 1308.1993, 559.3125;
 756.44873, 415.88742;
 526.60803, 534.80194;
 725.08179, 492.83768;
 1924.5507, 494.00797]
[590.3739, 529.77173;
 1114.0027, 479.45895;
 1308.104, 559.80292;
 758.13776, 416.12585;
 523, 528;
 725.37537, 493.28055;
 1924.5507, 494.00797]
[583.52954, 526.08514;
 1114.879, 478.50766;
 1308.8086, 560.34235;
 760.66174, 415.94437;
 521.74731, 528.70532;
 725.62103, 493.57852;
 1924.5507, 494.00797]
[586, 530;
 1116.2134, 478.14886;
 1309.5724, 560.87054;
 762.9856, 416.15909;
 520.95679, 529.18781;
 726.53711, 493.67911;
 1924.5507, 494.00797]
[587.09705, 525.2121;
 1117.1282, 477.37192;
 1310.3397, 561.1781;
 765.67358, 415.83615;
 520.15985, 529.53882;
 726.55634, 493.97522;
 1925.5472, 494.60403]
[588.59576, 524.33362;
 1118.5714, 477.08038;
 1311.3672, 561.41449;
 766.83875, 416.01752;
 519.55017, 531.25543;
 727.52838, 494.11459;
 1925.5472, 494.60403]
[585.39532, 524.54352;
 1121.1962, 476.54929;
 1312.1362, 561.45276;
 769.64539, 416.05667;
 518.80804, 531.86102;
 727.49329, 494.06506;
 1925.5472, 494.60403]
[584.87506, 525.36646;
 1122.8999, 476.13074;
 1313.1279, 561.61047;
 770.74695, 416.14996;
 518.40161, 532.73065;
 728.62976, 494.21729;
 1925.5472, 494.60403]
[584.42682, 526.10626;
 1124.9034, 476.12256;
 1313.7595, 561.59631;
 773.07434, 416.84448;
 518.30786, 532.99835;
 729.3797, 494.7131;
 1925.5472, 494.60403]
[584.19, 527.02655;
 1128.2289, 476.02362;
 1314.8127, 561.98676;
 777.21631, 417.16592;
 518.23108, 532.85144;
 730.33112, 494.34573;
 1925.5472, 494.60403]
[586.96002, 528.67395;
 1130.2231, 476.53943;
 1315.8143, 561.94226;
 786.4892, 416.27695;
 518.33026, 532.97125;
 731.76031, 494.77164;
 1925.5472, 494.60403]
[579.82526, 530.55884;
 1132.8641, 477.6853;
 1317.0944, 561.87494;
 797.27588, 411.6282;
 520.0014, 531.77472;
 733.39551, 495.57587;
 1925.5472, 494.60403]
[579.4425, 530.86884;
 1135.5972, 477.81247;
 1318.6614, 562.06464;
 800.59698, 410.74265;
 522.08142, 530.65802;
 736.4696, 496.17239;
 1925.5472, 494.60403]
[579.8302, 531.91101;
 1138.7466, 477.58072;
 1320.2972, 562.15619;
 805.44757, 411.12509;
 522.23285, 530.47668;
 738.86255, 497.00366;
 1925.5472, 494.60403]
[580.99994, 532.65515;
 1141.6097, 477.89145;
 1322.0342, 561.73267;
 803, 406;
 523.12158, 530.32678;
 742.76239, 498.07843;
 1925.5472, 494.60403]
[587.92273, 534.91174;
 1145.2645, 478.79828;
 1324.4935, 561.73199;
 808.50476, 406.70099;
 523.44989, 530.53955;
 746.11255, 499.90387;
 1925.5472, 494.60403]
[588.26453, 529.45074;
 1148.2482, 480.18845;
 1326.7192, 561.71033;
 814.16064, 407.92661;
 525.11902, 529.54297;
 750.17523, 500.60175;
 1925.5472, 494.60403]
[590.04077, 529.59229;
 1149.8499, 480.8299;
 1329.4711, 562.23834;
 820.99927, 408.95712;
 527.54047, 530.52887;
 754.51917, 502.06259;
 1925.5472, 494.60403]
[592.54437, 529.13751;
 1153.2058, 481.94354;
 1333.7444, 562.46161;
 828.03802, 409.59625;
 532.06256, 532.73187;
 759.51819, 502.77899;
 1925.5472, 494.60403]
[596.76929, 528.78052;
 1156.4973, 482.07614;
 1337.5315, 562.98376;
 834.04657, 409.76825;
 535.39612, 533.3526;
 765.08429, 503.87646;
 1925.5472, 494.60403]
[601.68256, 529.3634;
 1153.3553, 474.02054;
 1343.0337, 564.40051;
 841.547, 409.60388;
 539.37311, 534.50159;
 770.46069, 505.41348;
 1925.5472, 494.60403]
[606.32178, 530.66248;
 1161.0978, 471.64221;
 1348.0286, 565.64685;
 847.59796, 409.18771;
 541.79071, 535.56329;
 775.52051, 506.44791;
 1925.5472, 494.60403]
[609.88263, 532.37408;
 1169.3715, 471.13641;
 1353.2959, 566.91724;
 854.97668, 408.93698;
 544.62683, 536.76837;
 782.13123, 507.81772;
 1925.5472, 494.60403]
[612.92572, 535.21863;
 1174.277, 471.0506;
 1358.4124, 567.84515;
 862.52069, 409.13647;
 546.82886, 537.90442;
 787.67908, 509.44571;
 1925.5472, 494.60403]
[617.27417, 539.16608;
 1178.2694, 470.62747;
 1363.7988, 567.82642;
 868.87891, 409.1535;
 548.34442, 538.8222;
 793.20605, 510.8302;
 1925.5472, 494.60403]
[620.44061, 540.72247;
 1183.1481, 470.88181;
 1368.3156, 568.81659;
 875.25861, 409.40939;
 549.00891, 539.43964;
 797.69971, 511.81467;
 1925.5472, 494.60403]
[625.65417, 540.89227;
 1187.4423, 473.28345;
 1376.5105, 571.02148;
 889.08923, 411.47626;
 552.1911, 541.59906;
 805.3894, 513.71277;
 1925.5472, 494.60403]
[626.82495, 540.65436;
 1190.1755, 474.24396;
 1380.054, 572.47412;
 893.57538, 411.89288;
 553.45654, 543.48993;
 808.65344, 514.98315;
 1925.5472, 494.60403]
[626.77271, 539.93774;
 1191.4463, 475.19727;
 1382.2716, 573.06848;
 896.79358, 411.62805;
 553.29688, 544.6084;
 811.77026, 515.90906;
 1925.5472, 494.60403]
[626.49701, 538.87097;
 1192.4811, 478.78168;
 1384.2853, 574.32977;
 899.14886, 412.57944;
 553.01886, 545.63232;
 814.07208, 517.35657;
 1925.5472, 494.60403]
[625.09656, 539.47534;
 1192.7837, 482.44647;
 1386.1278, 575.59723;
 902.57056, 412.3627;
 551.79425, 546.90637;
 816.20697, 517.99078;
 1925.5472, 494.60403]
[624.60938, 540.41766;
 1192.0815, 484.65631;
 1387.037, 576.36481;
 904.70459, 412.28021;
 551.10925, 548.20056;
 818.20447, 519.90094;
 1925.5472, 494.60403]
[662, 548;
 1192.1592, 486.30069;
 1387.6552, 577.55646;
 905.6991, 412.51068;
 550.26923, 549.91815;
 819.3833, 521.11163;
 1925.5472, 494.60403]
[658.10699, 550.34589;
 1191.9384, 487.22745;
 1387.8517, 578.53522;
 906.7616, 412.79907;
 547.50922, 551.30341;
 820.2005, 522.45715;
 1925.5472, 494.60403]
[659.63971, 552.33612;
 1190.9576, 488.1799;
 1387.5205, 579.47919;
 906.89789, 413.42065;
 544.97394, 551.55078;
 820.87024, 524.28558;
 1925.5472, 494.60403]
[676, 555;
 1190.8416, 488.35056;
 1386.9751, 581.12024;
 907.19653, 414.28186;
 542.94055, 552.65503;
 821.14471, 525.50317;
 1925.5472, 494.60403]
[675.67987, 554.93097;
 1190.0668, 488.1293;
 1385.7111, 582.13806;
 907.53058, 414.79147;
 539.86688, 554.04871;
 820.6734, 528.05682;
 1925.5472, 494.60403]
[678.66614, 554.68365;
 1190.5619, 487.5394;
 1385.4351, 583.37695;
 907.27734, 416.04733;
 534.92682, 554.44739;
 820.20947, 529.63995;
 1925.5472, 494.60403]
[680.97998, 555.72687;
 1190.6809, 487.09427;
 1383.6805, 583.89697;
 907.11255, 416.72455;
 531.42169, 555.28644;
 819.75732, 530.63257;
 1925.5472, 494.60403]
[682.79773, 555.62354;
 1191.6309, 487.01651;
 1382.1207, 584.83478;
 907.3186, 417.32733;
 527.47314, 555.57898;
 819.05157, 531.68701;
 1925.5472, 494.60403]
[687.64673, 555.72705;
 1192.327, 486.44604;
 1380.4432, 585.91571;
 907.31488, 418.09732;
 523.47546, 555.41553;
 818.17908, 532.25165;
 1925.5472, 494.60403]
[687.28528, 556.20215;
 1192.842, 485.70132;
 1378.2224, 586.46814;
 907.44104, 418.76013;
 521.54144, 556.33984;
 816.59229, 533.02734;
 1925.5472, 494.60403]
[685.99176, 556.32959;
 1194.172, 484.68643;
 1376.207, 586.93555;
 907.16449, 419.3121;
 518.65186, 556.34045;
 815.19012, 533.37653;
 1925.5472, 494.60403]
[685.31946, 556.60742;
 1194.8546, 484.34393;
 1374.5409, 587.52399;
 907.37543, 419.62219;
 517.28082, 556.72467;
 814.70508, 533.62683;
 1925.5472, 494.60403]
[686.16046, 555.1637;
 1195.7705, 483.84271;
 1372.7799, 587.64551;
 907.31873, 419.82117;
 515.21729, 556.63129;
 813.4668, 533.67059;
 1925.5472, 494.60403]
[705, 562;
 1196.1956, 483.56323;
 1370.8877, 588.53375;
 908.17706, 419.89166;
 513.86755, 556.43964;
 811.56604, 534.3913;
 1925.5472, 494.60403]
[705.45697, 562.54297;
 1196.9723, 483.71902;
 1369.1431, 588.70917;
 909.05444, 418.56616;
 511.56985, 556.0769;
 810.14539, 534.45221;
 1925.5472, 494.60403]
[704.40277, 563.23724;
 1196.9611, 483.75015;
 1367.4843, 589.64978;
 909.29254, 417.36374;
 509.38339, 556.04297;
 809.17822, 534.25018;
 1925.5472, 494.60403]
[704.2063, 563.72229;
 1197.1876, 484.29858;
 1364.9865, 589.9137;
 909.42712, 417.51135;
 506.94614, 555.95721;
 807.42181, 534.08197;
 1925.5472, 494.60403]
[703.99451, 563.64807;
 1197.3331, 483.55121;
 1362.8448, 590.00732;
 908.42566, 417.62363;
 504.32379, 556.2973;
 806.09949, 534.56018;
 1925.5472, 494.60403]
[703.60138, 563.67114;
 1197.4923, 483.55579;
 1360.9955, 589.93646;
 908.24738, 417.14374;
 501.75677, 556.71045;
 805.02087, 534.63916;
 1925.5472, 494.60403]
[703.3877, 563.46326;
 1197.4552, 483.38126;
 1358.9546, 589.51733;
 908.45978, 416.84872;
 498.71109, 557.22223;
 803.02808, 534.33221;
 1925.5472, 494.60403]
[702.31116, 563.4184;
 1197.1364, 482.89633;
 1356.8584, 588.93262;
 908.61725, 416.5899;
 495.43079, 557.94055;
 802.28796, 534.61383;
 1925.5472, 494.60403]
[701.34058, 563.4187;
 1196.488, 482.77496;
 1354.1934, 587.89233;
 909.65662, 416.27905;
 492.89612, 558.68671;
 800.90021, 534.7074;
 1925.5472, 494.60403]
[703.31891, 561.59863;
 1195.7666, 482.61243;
 1351.4253, 587.06244;
 911.19775, 415.65424;
 489.52921, 560.12604;
 799.54224, 534.62573;
 1925.5472, 494.60403]
[702.73004, 560.05908;
 1189.6331, 479.65555;
 1344.4216, 585.16528;
 911.54926, 415.39233;
 484.0799, 563.68475;
 796.14069, 534.77698;
 1925.5472, 494.60403]
[702.08344, 559.69159;
 1187.608, 478.57993;
 1340.908, 584.17181;
 912.99622, 414.97406;
 481.39838, 564.00079;
 794.91077, 534.91504;
 1925.5472, 494.60403]
[701.74048, 559.21344;
 1185.3774, 477.87149;
 1337.2793, 582.71619;
 912.67883, 414.42801;
 478.64713, 564.55304;
 792.81952, 534.55035;
 1925.5472, 494.60403]
[701.5155, 559.17792;
 1182.9983, 472.18005;
 1332.9279, 581.61926;
 912.85809, 414.06909;
 475.42642, 565.2666;
 790.95245, 534.38135;
 1925.5472, 494.60403]
[698.77649, 558.27997;
 1181.6418, 470.5762;
 1328.1021, 580.02441;
 912.96002, 413.66238;
 473.46768, 565.03284;
 789.79565, 534.87946;
 1925.5472, 494.60403]
[697.06561, 557.01904;
 1180.9037, 469.34238;
 1323.59, 579.50256;
 913.40082, 413.61371;
 470.32666, 563.9328;
 789.06049, 534.68317;
 1925.5472, 494.60403]
[694.9267, 556.29773;
 1179.9167, 468.42896;
 1318.9413, 578.51935;
 913.44287, 413.70886;
 468.25223, 563.76855;
 787.92578, 535.0047;
 1925.5472, 494.60403]
[701, 520;
 1178.2606, 467.35129;
 1314.4172, 578.09631;
 913.0426, 413.71912;
 466.38297, 563.15582;
 787.23688, 535.08533;
 1925.5472, 494.60403]
[698.53638, 519.69635;
 1177.2135, 467.07919;
 1309.7922, 577.67548;
 912.90594, 413.49792;
 464.64078, 562.15826;
 786.28558, 535.20209;
 1925.5472, 494.60403]
[696.56952, 517.82031;
 1175.5465, 466.60248;
 1305.8794, 577.3396;
 912.04364, 413.37927;
 462.87741, 561.14667;
 784.7959, 535.52917;
 1925.5472, 494.60403]
[694.37836, 516.65161;
 1172.734, 468.07144;
 1300.1494, 576.80566;
 911.26556, 413.22485;
 461.61688, 560.34998;
 784.04138, 535.16852;
 1925.5472, 494.60403]
[692.97388, 516.16016;
 1172.0709, 467.39526;
 1295.9635, 577.06879;
 910.11511, 412.80783;
 460.87839, 559.77209;
 782.91516, 535.63525;
 1925.5472, 494.60403]
[690.50745, 515.16345;
 1171.0621, 467.34201;
 1291.597, 576.9278;
 908.91754, 412.26669;
 455, 568;
 781.25635, 535.53143;
 1925.5472, 494.60403]
[688.72144, 514.3335;
 1169.3579, 466.59064;
 1287.7728, 577.10992;
 905.81329, 410.83417;
 451.78168, 564.8631;
 780.18158, 535.66962;
 1925.5472, 494.60403]
[686.1416, 513.70911;
 1168.585, 467.3815;
 1284.3796, 576.88416;
 904.2229, 410.53299;
 452.86926, 565.18195;
 778.95691, 535.82916;
 1925.5472, 494.60403]
[684.8819, 513.3147;
 1167.5052, 468.38394;
 1281.0619, 577.11212;
 901.02643, 409.13959;
 451.58746, 565.01685;
 777.58655, 536.29205;
 1925.5472, 494.60403]
[682.86169, 512.9411;
 1166.8762, 468.25327;
 1277.7373, 576.61377;
 899.24109, 408.26712;
 450.55698, 564.87689;
 776.44629, 536.98016;
 1925.5472, 494.60403]
[680.95752, 513.26154;
 1166.1208, 468.198;
 1274.9713, 575.83588;
 897.91785, 408.20416;
 449.36633, 565.02106;
 775.3299, 537.70227;
 1925.5472, 494.60403]
[679.70868, 513.60474;
 1165.1877, 468.15909;
 1272.3044, 574.84161;
 895.59436, 407.43994;
 448.2374, 565.19861;
 773.76837, 537.79718;
 1925.5472, 494.60403]
[678.27173, 514.09125;
 1164.4575, 468.20386;
 1269.6736, 573.72156;
 893.54828, 407.36545;
 447.23181, 565.31433;
 772.7926, 538.21826;
 1925.5472, 494.60403]
[676.92542, 514.3822;
 1177, 461;
 1267.4106, 572.46777;
 891.03992, 406.67236;
 446.09781, 566.32855;
 771.76306, 537.90228;
 1925.5472, 494.60403]
[677.40173, 517.26825;
 1177.0143, 460.32907;
 1264.3484, 570.98889;
 889.26929, 406.02124;
 445.33252, 566.74207;
 771.33698, 537.68896;
 1925.5472, 494.60403]
[685, 507;
 1177.4407, 459.9437;
 1261.6781, 570.28864;
 888.40021, 405.64517;
 444.3064, 567.4967;
 770.23615, 537.70807;
 1925.5472, 494.60403]
[684.52893, 506.98203;
 1177.8256, 459.80005;
 1258.9711, 570.04291;
 887.63635, 405.59262;
 443.33151, 568.24707;
 769.65875, 537.4848;
 1925.5472, 494.60403]
[684.35529, 506.87668;
 1178.1648, 459.72537;
 1256.4747, 569.95612;
 887.31049, 405.55103;
 442.32388, 568.49445;
 768.63312, 537.38263;
 1925.5472, 494.60403]
[684.3786, 506.94452;
 1179.1289, 459.53778;
 1253.7227, 569.8266;
 886.23822, 405.27344;
 441.35449, 569.24463;
 767.95154, 537.97913;
 1925.5472, 494.60403]
[683.5484, 506.50775;
 1180.1102, 459.29321;
 1251.5933, 569.93903;
 885.49628, 404.62338;
 440.82742, 569.7229;
 766.99927, 538.12091;
 1925.5472, 494.60403]
[687.49182, 505.57068;
 1181.1028, 459.28128;
 1249.7571, 570.08972;
 877, 407;
 439.84637, 570.47729;
 766.38556, 538.57062;
 1925.5472, 494.60403]
[691.77209, 501.2775;
 1181.899, 459.22672;
 1247.8616, 570.04126;
 877.01337, 407.26135;
 439.55136, 570.95612;
 765.94611, 538.75464;
 1925.5472, 494.60403]
[696.49377, 496.12582;
 1182.824, 459.45895;
 1246.4642, 570.39917;
 876.71021, 407.46637;
 438.63324, 571.36176;
 765.97461, 539.19043;
 1925.5472, 494.60403]
[702.25922, 499.26236;
 1183.8691, 459.67816;
 1245.031, 570.47601;
 876.55365, 407.35306;
 437.9205, 572.03302;
 765.5899, 539.47205;
 1925.5472, 494.60403]
[708.48566, 491.72043;
 1185.8048, 459.841;
 1242.124, 570.7395;
 876.12891, 408.08014;
 436.54483, 573.76117;
 765.75134, 540.59357;
 1925.5472, 494.60403]
[709.23578, 491.353;
 1186.9202, 460.4635;
 1240.5867, 571.44757;
 875.72272, 408.6265;
 436.48608, 574.55499;
 776, 537;
 1925.5472, 494.60403]
[709.31049, 491.76004;
 1187.8312, 460.90689;
 1239.7964, 571.62805;
 875.39972, 409.35364;
 435.711, 575.45459;
 776.6236, 537.57483;
 1925.5472, 494.60403]
[709.41547, 490.78897;
 1189.0939, 461.1647;
 1238.5, 571.49188;
 874.6709, 410.83786;
 435.24173, 576.66644;
 777.19757, 537.64282;
 1925.5472, 494.60403]
[697, 501;
 1190.1904, 461.64481;
 1237.2886, 571.89209;
 874.57892, 411.75198;
 434.68875, 576.99805;
 777.59698, 538.33978;
 1925.5472, 494.60403]
[700.64856, 500.97324;
 1190.097, 462.19016;
 1235.833, 571.88776;
 874.19397, 412.67068;
 433.97192, 577.75519;
 777.46588, 538.8692;
 1925.5472, 494.60403]
[702.6474, 501.12268;
 1190.8607, 462.77576;
 1234.395, 572.07117;
 873.97632, 413.18893;
 433.45822, 578.41858;
 777.41931, 539.2605;
 1925.5472, 494.60403]
[705.85626, 501.09995;
 1191.616, 463.21167;
 1233.3705, 572.03143;
 873.57843, 413.89481;
 432.9136, 579.16486;
 777.46906, 540.12;
 1925.5472, 494.60403]
[706.34241, 500.87338;
 1192.285, 463.8197;
 1231.8668, 572.02789;
 872.71069, 414.56448;
 432.89633, 579.83661;
 777.64935, 540.75647;
 1925.5472, 494.60403]
[705.8009, 501.98837;
 1192.7468, 464.02658;
 1230.8485, 571.94055;
 872.12323, 414.90488;
 432.13666, 581.08606;
 777.6814, 541.85034;
 1925.5472, 494.60403]
[705.76495, 502.95883;
 1193.0242, 464.30045;
 1229.8556, 571.69348;
 871.70013, 415.24698;
 432.25668, 582.36542;
 777.23145, 543.34851;
 1925.5472, 494.60403]
[706.72137, 504.89322;
 1194.0253, 464.35208;
 1229.5002, 571.74841;
 871.43945, 415.44925;
 431.73135, 583.40479;
 777.14325, 545.09155;
 1925.5472, 494.60403]
[707.31824, 505.69244;
 1194.6753, 464.51993;
 1228.9434, 571.82971;
 871.08264, 416.1741;
 431.44232, 584.69037;
 777.09204, 546.10107;
 1925.5472, 494.60403]
[708.3858, 507.80881;
 1195.7378, 464.7645;
 1228.7589, 571.84857;
 869.02643, 416.34784;
 431.19882, 585.95361;
 775.72321, 547.27368;
 1925.5472, 494.60403]
[709.83612, 509.92148;
 1196.7688, 464.83301;
 1228.6992, 571.55811;
 868.02356, 416.81302;
 430.62891, 586.97162;
 774.83301, 548.46588;
 1925.5472, 494.60403]
[712, 504;
 1197.752, 465.14462;
 1228.2128, 571.07013;
 867.97314, 417.28125;
 430.36478, 588.22815;
 774.87555, 548.44733;
 1925.5472, 494.60403]
[712.828, 504.64337;
 1198.587, 465.70004;
 1228.2458, 570.651;
 867.48608, 417.74182;
 430.02231, 589.51715;
 775.18591, 548.34747;
 1925.5472, 494.60403]
[713.15723, 505.15884;
 1199.8535, 466.43631;
 1228.186, 570.62439;
 867.40979, 418.37064;
 429.15674, 590.57434;
 775.41986, 548.80212;
 1925.5472, 494.60403]
[714.3714, 505.82309;
 1200.8699, 466.83203;
 1228.1603, 570.27435;
 867.05579, 419.0817;
 428.96472, 591.7312;
 776.09235, 549.66803;
 1925.5472, 494.60403]
[714.81293, 505.89438;
 1202.0359, 467.70395;
 1228.1417, 570.15961;
 866.45428, 419.59116;
 428.87628, 593.56635;
 776.34515, 550.32928;
 1925.5472, 494.60403]
[715.70709, 506.30283;
 1203.063, 468.40927;
 1228.1692, 570.07355;
 866.13281, 420.32495;
 427.69629, 594.7262;
 776.76172, 550.38672;
 1925.5472, 494.60403]
[716.93768, 506.86166;
 1204.2974, 469.62982;
 1228.1537, 570.21698;
 865.96417, 421.05145;
 427.60339, 595.7796;
 776.88391, 551.04291;
 1925.5472, 494.60403]
[718.18073, 507.15152;
 1205.1469, 470.15271;
 1228.1398, 570.55957;
 865.56116, 421.3111;
 427.30118, 596.52679;
 777.40588, 551.51831;
 1925.5472, 494.60403]
[719.11609, 507.62607;
 1205.9082, 470.87833;
 1228.1295, 571.07172;
 865.23792, 421.53625;
 427.26743, 597.68518;
 777.81921, 552.1424;
 1925.5472, 494.60403]
[719.69171, 508.24054;
 1207.1793, 472.14508;
 1227.9044, 571.93182;
 864.95544, 421.7724;
 426.75241, 598.91547;
 777.95538, 552.58966;
 1925.5472, 494.60403]
[720.34241, 508.72198;
 1207.916, 473.32526;
 1227.9043, 571.93182;
 863.06335, 423.37061;
 426.23666, 600.12598;
 778.57281, 552.90924;
 1925.5472, 494.60403]
[721.22717, 508.53226;
 1208.9336, 474.05579;
 1227.7129, 572.80536;
 862.28375, 423.77313;
 426.03775, 600.61243;
 778.76434, 553.30225;
 1925.5472, 494.60403]
[721.80029, 508.47125;
 1209.4504, 474.05573;
 1227.2494, 573.11749;
 861.40021, 424.43747;
 426.02487, 601.13336;
 778.74292, 553.27399;
 1925.5472, 494.60403]
[722.10059, 508.68887;
 1210.5348, 474.70746;
 1226.8602, 573.66431;
 860.87, 424.62225;
 425.29758, 601.6413;
 778.83191, 553.68494;
 1925.5472, 494.60403]
[725.435, 507.68231;
 1211.874, 475.61002;
 1226.2356, 573.50671;
 859.42102, 425.45428;
 425.01053, 602.36163;
 778.80511, 553.43512;
 1925.5472, 494.60403]
[726.59119, 507.83295;
 1212.3848, 475.63074;
 1225.6041, 573.20966;
 858.37744, 425.06839;
 424.72824, 602.47522;
 778.42914, 553.59375;
 1925.5472, 494.60403]
[728.76904, 507.19345;
 1212.8881, 475.50558;
 1225.5787, 572.59174;
 857.33527, 425.03879;
 424.51578, 602.23425;
 777.0827, 553.23187;
 1925.5472, 494.60403]
[730.24091, 506.62616;
 1213.1465, 475.52658;
 1225.5093, 571.99182;
 856.08459, 424.69394;
 424.26123, 602.23328;
 776.383, 552.88428;
 1925.5472, 494.60403]
[731.24213, 506.05731;
 1213.3561, 475.36108;
 1225.5199, 571.65497;
 855.04309, 424.70862;
 424.11572, 602.41156;
 775.08319, 552.92072;
 1925.5472, 494.60403]
[732.54071, 505.41595;
 1213.7269, 474.72574;
 1225.6853, 570.86853;
 854.62762, 424.54959;
 423.70401, 602.23572;
 773.59613, 553.32062;
 1925.5472, 494.60403]
[732.93042, 504.96335;
 1213.9835, 474.26559;
 1225.9852, 570.39215;
 854.27802, 424.03525;
 423.70187, 602.2337;
 772.45514, 553.61334;
 1925.5472, 494.60403]
[733.65448, 504.76593;
 1214.2764, 473.70142;
 1225.9692, 569.82452;
 854.37378, 424.51416;
 423.70593, 602.23785;
 771.28845, 554.14001;
 1925.5472, 494.60403]
[733.52216, 504.62399;
 1214.5459, 473.28543;
 1225.8651, 569.31726;
 854.38617, 424.51724;
 423.47412, 602.51923;
 770.50372, 554.40143;
 1925.5472, 494.60403]
[733.57184, 503.88818;
 1214.7107, 473.19675;
 1225.8646, 568.57544;
 854.69598, 424.99008;
 423.4751, 602.51831;
 770.00739, 554.54309;
 1925.5472, 494.60403]
[734.0802, 503.78558;
 1214.948, 472.37439;
 1225.6193, 568.12787;
 854.8678, 425.34778;
 423.2251, 602.65051;
 768.71069, 554.97369;
 1925.5472, 494.60403]
[734.32208, 503.28613;
 1215.47, 472.44299;
 1225.2371, 567.40741;
 855.09552, 426.54257;
 423.22311, 602.6532;
 767.79828, 554.75146;
 1925.5472, 494.60403]
[734.62994, 502.37662;
 1216.0472, 472.20749;
 1224.9595, 566.88519;
 854.59961, 426.38599;
 423.23135, 602.67059;
 766.78021, 554.76666;
 1925.5472, 494.60403]
[734.15125, 501.83051;
 1216.3163, 471.92297;
 1224.9685, 566.4115;
 853.89807, 426.10144;
 422.94373, 602.40289;
 765.44934, 555.39038;
 1925.5472, 494.60403]
[733.51215, 501.1459;
 1216.5569, 471.92343;
 1224.9729, 565.65564;
 853.3504, 425.87302;
 422.95349, 601.87714;
 764.4411, 555.54663;
 1925.5472, 494.60403]
[731.0708, 499.95636;
 1216.8083, 471.47324;
 1225.0032, 564.77954;
 852.48138, 425.57672;
 423.2533, 601.6521;
 763.13129, 555.51178;
 1925.5472, 494.60403]
[751, 490;
 1217.0834, 471.23065;
 1225.0211, 563.88165;
 851.81628, 425.33121;
 423.50729, 601.1922;
 762.13965, 555.70526;
 1925.5472, 494.60403]
[751.71204, 489.40765;
 1217.1414, 470.95792;
 1225.1171, 562.67157;
 850.79852, 424.94843;
 423.72913, 600.42584;
 761.6156, 555.69092;
 1925.5472, 494.60403]
[752.71655, 489.26358;
 1217.1384, 470.69797;
 1225.1205, 561.66449;
 849.99005, 424.75009;
 423.98587, 600.42566;
 760.85962, 555.62805;
 1925.5472, 494.60403]
[753.96759, 489.34442;
 1216.7336, 470.79001;
 1224.8628, 560.68372;
 848.63849, 425.03162;
 424.45749, 599.61566;
 759.83081, 556.21381;
 1925.5472, 494.60403]
[754.71503, 489.64731;
 1216.6205, 470.8696;
 1224.8237, 559.90869;
 847.83789, 424.60797;
 424.68564, 598.85382;
 758.66565, 556.25647;
 1925.5472, 494.60403]
[755.51288, 490.19128;
 1215.9523, 470.89832;
 1224.3558, 559.18951;
 846.79431, 424.26923;
 424.68826, 598.35052;
 758.1167, 556.7489;
 1925.5472, 494.60403]
[756.37842, 491.23328;
 1215.864, 470.61307;
 1224.3459, 558.19086;
 845.24994, 423.61459;
 424.46555, 597.62054;
 757.73511, 556.53925;
 1925.5472, 494.60403]
[756.83307, 492.33963;
 1215.7069, 470.47623;
 1223.8101, 557.42761;
 843.98425, 423.38928;
 424.19684, 597.05103;
 757.62769, 556.41846;
 1925.5472, 494.60403]
[756.67609, 493.0285;
 1215.5345, 469.91455;
 1223.835, 556.27911;
 842.76422, 423.14435;
 423.90741, 596.5144;
 757.35626, 556.56891;
 1925.5472, 494.60403]
[756.41644, 493.87784;
 1215.4576, 469.91187;
 1223.588, 556.02979;
 841.90179, 422.84384;
 423.20169, 595.81018;
 757.5733, 555.08313;
 1925.5472, 494.60403]
[756.30688, 493.84561;
 1215.2816, 469.67972;
 1223.585, 555.53003;
 836, 421;
 422.62268, 595.55292;
 756.41626, 555.09003;
 1925.5472, 494.60403]
[755.98285, 493.7229;
 1215.277, 469.63242;
 1223.6541, 555.16321;
 835.34125, 420.87173;
 421.99219, 595.04041;
 755.60803, 555.42725;
 1925.5472, 494.60403]
[755.46802, 494.1308;
 1214.7744, 469.62659;
 1224.3928, 554.62256;
 834.43585, 420.75433;
 421.59308, 594.89429;
 754.10236, 555.27057;
 1925.5472, 494.60403]
[753.39258, 493.71133;
 1214.7719, 469.62753;
 1225.1615, 553.98309;
 833.23883, 420.71884;
 420.65717, 594.98236;
 752.51996, 555.14728;
 1925.5472, 494.60403]
[747.50415, 494.12454;
 1214.2694, 469.72348;
 1227.4324, 553.64984;
 830.45667, 421.0882;
 419.65909, 594.98352;
 748.0365, 555.51514;
 1925.5472, 494.60403]
[744.16449, 493.53058;
 1214.3776, 470.08737;
 1228.6583, 553.51007;
 829.01086, 421.53647;
 418.61957, 595.2002;
 746.31403, 555.5434;
 1925.5472, 494.60403]
[740.57861, 492.78317;
 1213.8448, 470.37411;
 1229.9957, 553.5481;
 827.61456, 421.70453;
 417.77316, 595.5788;
 745.47247, 555.67596;
 1925.5472, 494.60403]
[737.18256, 491.84689;
 1213.5675, 470.21405;
 1231.4205, 553.80322;
 826.27496, 422.02548;
 417.11905, 595.77032;
 743.8595, 555.50793;
 1925.5472, 494.60403]
[734.13562, 491.55939;
 1213.4042, 470.6051;
 1232.4023, 554.38037;
 825.49011, 422.27737;
 416.17255, 596.17639;
 742.11603, 555.86481;
 1925.5472, 494.60403]
[732.237, 491.89542;
 1213.0806, 470.9888;
 1233.4219, 554.9342;
 823.20172, 422.60623;
 415.76691, 596.81439;
 740.10474, 555.7934;
 1925.5472, 494.60403]
[731.46039, 492.31583;
 1212.3237, 471.28754;
 1234.7078, 555.93378;
 820.83307, 423.09198;
 415.35974, 597.36353;
 738.7486, 556.35693;
 1925.5472, 494.60403]
[730.84619, 492.59109;
 1212.2983, 471.76926;
 1235.7238, 557.19678;
 819.01953, 423.63281;
 414.62491, 597.828;
 737.5556, 556.97717;
 1925.5472, 494.60403]
[729.93414, 493.44119;
 1212.0065, 472.30457;
 1236.4803, 558.21472;
 817.25635, 424.1214;
 414.36261, 598.36145;
 736.52039, 557.38214;
 1925.5472, 494.60403]
[728.49731, 493.97433;
 1212.0645, 472.74631;
 1237.0417, 559.09052;
 816.17291, 424.72891;
 413.82623, 598.8194;
 735.27905, 557.59601;
 1925.5472, 494.60403]
[727.56219, 494.43823;
 1211.8495, 472.823;
 1238.2975, 559.82715;
 816.41205, 425.29285;
 413.60767, 599.56964;
 733.98309, 557.75977;
 1925.5472, 494.60403]
[726.58789, 495.28641;
 1212.3308, 473.80325;
 1239.0754, 560.22284;
 816.35034, 426.02985;
 413.36597, 600.34094;
 719, 560;
 1925.5472, 494.60403]
[725.39374, 495.81076;
 1212.4403, 474.02353;
 1240.0709, 560.95862;
 815.61481, 426.83102;
 413.08527, 600.80518;
 717.50323, 560.43921;
 1925.5472, 494.60403]
[724.38275, 496.177;
 1212.3983, 474.35342;
 1240.9524, 560.82062;
 814.77881, 427.75812;
 413.06723, 601.54907;
 716.17035, 560.82599;
 1925.5472, 494.60403]
[723.6582, 496.42441;
 1212.6219, 475.30621;
 1241.9432, 561.34888;
 794, 424;
 412.80075, 602.30939;
 714.90948, 561.31946;
 1925.5472, 494.60403]
[723.11731, 495.59497;
 1213.011, 475.89236;
 1242.92, 561.35864;
 791.74023, 424.85614;
 412.83795, 603.04425;
 713.21765, 561.85474;
 1925.5472, 494.60403]
[720.99976, 495.97537;
 1213.5266, 476.70828;
 1243.8256, 561.8952;
 789.71808, 425.15775;
 412.82089, 603.77661;
 711.45422, 562.328;
 1925.5472, 494.60403]
[720.78021, 496.33734;
 1213.9683, 477.63312;
 1244.5864, 562.09821;
 787.84076, 424.93387;
 412.81757, 605.08673;
 709.81635, 562.77039;
 1925.5472, 494.60403]
[720.63342, 496.7897;
 1214.2363, 478.39255;
 1245.6188, 562.76288;
 786.32068, 425.01929;
 412.87024, 606.22003;
 708.01514, 563.70764;
 1925.5472, 494.60403]
[719.66022, 497.76364;
 1214.476, 479.69302;
 1246.3882, 563.28943;
 784.07843, 425.51453;
 412.61157, 606.94739;
 705.82043, 564.42249;
 1925.5472, 494.60403]
[720.66437, 499.27609;
 1215.5337, 480.37506;
 1247.1852, 563.77399;
 781.60071, 425.31604;
 412.61481, 607.94891;
 703.3783, 565.29144;
 1925.5472, 494.60403]
[721.63843, 500.79449;
 1215.9354, 481.11823;
 1247.6577, 564.54498;
 779.76105, 426.02798;
 412.61227, 608.94519;
 700.87115, 566.34406;
 1925.5472, 494.60403]
[720.14349, 501.61935;
 1216.8508, 481.78598;
 1247.9889, 565.05743;
 777.461, 427.74887;
 412.53467, 609.55286;
 697.65479, 567.6015;
 1925.5472, 494.60403]
[718.88342, 502.09866;
 1216.9745, 482.99365;
 1248.0049, 566.13745;
 775.93817, 429.24011;
 412.35599, 610.37518;
 695.09558, 569.06598;
 1925.5472, 494.60403]
[718.74219, 502.44275;
 1217.8707, 483.81958;
 1247.7825, 566.58752;
 773.15393, 429.90186;
 412.1217, 611.39026;
 692.33704, 570.95795;
 1925.5472, 494.60403]
[719.79919, 503.1936;
 1218.5878, 484.87326;
 1247.7883, 567.34766;
 771.5351, 430.9715;
 411.91376, 612.12189;
 689.6507, 572.60339;
 1925.5472, 494.60403]
[722.11249, 502.45859;
 1219.2399, 485.62943;
 1248.0679, 567.83038;
 770.08209, 431.65826;
 411.68231, 612.89893;
 686.81451, 573.90338;
 1925.5472, 494.60403]
[723.59265, 502.52695;
 1219.6349, 485.9335;
 1248.0691, 568.3457;
 768.88306, 432.59616;
 411.65817, 613.87518;
 684.12671, 575.42529;
 1925.5472, 494.60403]
[722.99561, 502.49506;
 1220.3932, 486.67444;
 1248.5747, 569.08667;
 767.89636, 433.82184;
 411.39093, 614.45416;
 681.41888, 576.68713;
 1925.5472, 494.60403]
[723.69263, 502.43127;
 1221.8719, 487.6759;
 1249.8042, 570.36261;
 768.62531, 435.35843;
 411.35135, 616.22607;
 677.34729, 578.60773;
 1925.5472, 494.60403]
[727.27429, 503.62711;
 1221.8922, 488.29858;
 1250.1256, 570.78949;
 767.79822, 435.54782;
 412.06, 616.92853;
 676.22345, 579.25964;
 1925.5472, 494.60403]
[729.62244, 503.66693;
 1223.1599, 488.71915;
 1251.1578, 571.28357;
 764.62988, 435.17957;
 413.12958, 617.54486;
 674.71149, 579.91864;
 1925.5472, 494.60403]
[729.20361, 503.32089;
 1223.8654, 490.39008;
 1252.2362, 571.65381;
 762.48273, 437.88974;
 413.94122, 618.21887;
 673.0224, 580.65491;
 1925.5472, 494.60403]
[728.06586, 502.6839;
 1224.5994, 491.16699;
 1253.2858, 572.34161;
 759.33435, 440.34116;
 414.92014, 618.71063;
 671.76111, 581.27069;
 1925.5472, 494.60403]
[727.58728, 501.90744;
 1225.3673, 491.42526;
 1254.5228, 572.27069;
 758.65643, 443.34723;
 415.35211, 619.29736;
 670.57587, 581.52063;
 1925.5472, 494.60403]
[727.07782, 502.31699;
 1225.843, 492.16913;
 1255.2908, 572.26666;
 757.11957, 444.57892;
 415.828, 620.05042;
 668.91272, 582.54504;
 1925.5472, 494.60403]
[726.08966, 502.83472;
 1225.7777, 492.65451;
 1256.0403, 572.56787;
 755.00348, 445.091;
 416.94461, 620.12976;
 667.53467, 583.10077;
 1925.5472, 494.60403]
[725.0495, 504.24417;
 1225.7816, 493.15485;
 1256.6874, 572.57593;
 753.58063, 446.17261;
 417.57071, 620.57953;
 666.04846, 583.49457;
 1925.5472, 494.60403]
[723.34387, 505.80322;
 1225.5652, 493.65381;
 1257.2058, 572.56354;
 751.65863, 446.79956;
 418.44077, 621.02252;
 663.77985, 584.73962;
 1925.5472, 494.60403]
[720.44897, 507.04684;
 1225.303, 493.73093;
 1257.2073, 572.46973;
 749.80225, 447.55481;
 420.01569, 620.88232;
 661.31219, 585.80933;
 1925.5472, 494.60403]
[717.63312, 508.27454;
 1224.783, 494.27139;
 1258.2129, 572.57208;
 747.80475, 448.00024;
 421.28149, 621.41467;
 657.97607, 587.27771;
 1925.5472, 494.60403]
[712.83136, 507.85297;
 1224.5447, 495.50818;
 1259.2097, 572.57904;
 747.02057, 448.79871;
 422.62378, 620.88495;
 654.56506, 588.22925;
 1925.5472, 494.60403]
[711.31305, 508.61322;
 1223.8593, 495.56531;
 1260.1061, 572.24921;
 745.15448, 449.56888;
 424.86053, 621.20642;
 651.22021, 589.23676;
 1925.5472, 494.60403]
[710.55499, 508.26755;
 1223.1284, 496.28766;
 1261.1091, 572.26379;
 744.11316, 449.9342;
 427.1283, 621.46027;
 647.93762, 590.00275;
 1925.5472, 494.60403]
[709.94427, 509.3298;
 1222.1146, 496.51791;
 1262.1086, 572.4325;
 742.43896, 450.64154;
 429.76782, 621.94507;
 644.25122, 590.73981;
 1925.5472, 494.60403]
[709.16449, 510.92786;
 1221.5986, 497.47211;
 1263.4221, 572.47107;
 741.29095, 450.90366;
 431.7504, 622.23669;
 641.22137, 591.60004;
 1925.5472, 494.60403]
[709.80701, 512.06268;
 1220.1215, 497.94647;
 1264.6418, 572.87469;
 739.41437, 451.62433;
 434.70813, 622.26605;
 636.11871, 592.69684;
 1925.5472, 494.60403]
[708.24359, 512.19141;
 1219.2156, 498.18225;
 1265.9607, 572.97223;
 737.84668, 452.05539;
 437.3096, 622.83948;
 630.19434, 594.69763;
 1925.5472, 494.60403]
[707.21924, 512.37024;
 1218.7212, 498.45261;
 1267.2421, 573.16956;
 736.46021, 452.04065;
 439.65594, 623.42395;
 625.98053, 594.36218;
 1925.5472, 494.60403]
[706.49304, 512.29803;
 1217.5173, 498.53494;
 1268.6049, 573.2699;
 735.31952, 452.58292;
 441.44135, 623.89716;
 621.17706, 594.16925;
 1925.5472, 494.60403]
[705.75299, 511.82932;
 1216.2637, 498.52866;
 1270.0605, 573.7677;
 734.24072, 452.875;
 443.19034, 624.63794;
 614.65021, 592.57581;
 1925.5472, 494.60403]
[705.84485, 511.70203;
 1215.2778, 498.75879;
 1271.2322, 575.19489;
 732.79053, 453.06854;
 444.17365, 624.89313;
 609.14612, 591.49805;
 1925.5472, 494.60403]
[704.58514, 511.20688;
 1214.3606, 498.69138;
 1272.3657, 575.88544;
 732.49048, 453.54245;
 446.05927, 625.4248;
 601.32172, 590.84772;
 1925.5472, 494.60403]
[703.51666, 511.27338;
 1213.2968, 498.7103;
 1273.1292, 576.56165;
 731.31317, 453.79959;
 447.41354, 625.20856;
 595.18689, 591.11945;
 1925.5472, 494.60403]
[700.53174, 510.33688;
 1212.0308, 498.7041;
 1273.9082, 577.31238;
 729.99011, 454.08072;
 448.62646, 625.46979;
 589.04315, 590.29358;
 1925.5472, 494.60403]
[698.46478, 508.8067;
 1210.889, 498.70642;
 1274.8893, 578.19989;
 728.74481, 454.74942;
 449.95074, 625.46051;
 582.66266, 590.06299;
 1925.5472, 494.60403]
[695.9765, 506.80283;
 1209.1658, 498.71234;
 1275.1855, 578.40442;
 728.0213, 456.37839;
 451.69424, 625.44232;
 577.065, 589.91187;
 1925.5472, 494.60403]
[693.47101, 505.24368;
 1207.6224, 498.45609;
 1276.0505, 579.23755;
 727.06812, 457.65262;
 454.12122, 625.42932;
 569.94501, 589.39038;
 1925.5472, 494.60403]
[691.63739, 503.37378;
 1206.317, 498.33487;
 1276.3693, 579.51892;
 726.18738, 457.78778;
 454.43747, 625.62122;
 567.28467, 587.85913;
 1925.5472, 494.60403]
[690.05884, 501.36557;
 1204.7885, 498.3399;
 1276.9202, 579.52332;
 725.12842, 457.82727;
 457.72409, 624.34906;
 565.74878, 584.7616;
 1925.5472, 494.60403]
[703.39185, 498.78949;
 1201.8762, 498.04871;
 1278.4421, 579.53937;
 723.29083, 458.11105;
 463.77655, 621.15936;
 547.7981, 582.85205;
 1925.5472, 494.60403]
[702.82812, 497.28149;
 1200.4493, 497.4306;
 1279.4781, 579.42352;
 722.06079, 458.20218;
 466.64157, 620.04803;
 543.89838, 582.08417;
 1925.5472, 494.60403]
[701.60876, 496.22784;
 1199.3298, 497.85812;
 1280.7633, 579.685;
 720.81201, 458.74777;
 470.11874, 617.91351;
 539.68451, 582.57831;
 1925.5472, 494.60403]
[701.2085, 490.07654;
 1198.2745, 498.1658;
 1282.0228, 579.50195;
 719.86414, 458.58542;
 471.58658, 616.42706;
 534.15747, 582.04419;
 1925.5472, 494.60403]
[701.79602, 489.61023;
 1197.7483, 498.54236;
 1283.131, 579.69232;
 718.57861, 459.17642;
 473.85995, 614.32013;
 529.11108, 582.15704;
 1925.5472, 494.60403]
[693, 499;
 1196.6299, 498.97342;
 1283.672, 579.64111;
 743, 446;
 475.64163, 613.18799;
 523.61584, 583.83942;
 1925.5472, 494.60403]
[693.05225, 498.27225;
 1196.2324, 499.8187;
 1284.8833, 579.81598;
 742.6842, 446.01376;
 478.15088, 609.59827;
 518.3175, 584.85638;
 1925.5472, 494.60403]
[692.95905, 496.23969;
 1195.7081, 499.81403;
 1285.8286, 580.03162;
 742.03424, 446.36102;
 480.91898, 606.84576;
 512.92865, 586.39166;
 1925.5472, 494.60403]
[693.13184, 495.263;
 1194.7866, 500.53427;
 1286.6663, 580.32581;
 742.34412, 447.629;
 484.47119, 606.46674;
 508.18219, 587.50739;
 1925.5472, 494.60403]
[693.3764, 493.98193;
 1194.5499, 501.28488;
 1286.7499, 580.64813;
 742.79138, 447.37354;
 488.04114, 606.52789;
 503.80801, 588.52307;
 1925.5472, 494.60403]
[694.03937, 493.34607;
 1193.7917, 501.51532;
 1287.5223, 580.91107;
 742.81915, 447.95108;
 490.526, 604.22205;
 499.81174, 592.18665;
 1925.5472, 494.60403]
[694.4715, 492.73083;
 1194.1068, 503.15353;
 1288.2811, 581.19031;
 742.95465, 447.85617;
 492.18747, 602.20459;
 489.4447, 593.84015;
 1925.5472, 494.60403]
[695.29938, 492.44135;
 1193.3671, 503.40271;
 1288.7861, 581.06787;
 743.1485, 448.40079;
 492, 591;
 486, 610;
 1925.5472, 494.60403]
[696.047, 492.44855;
 1193.5809, 504.15823;
 1288.901, 581.11755;
 743.15045, 448.62958;
 494.64648, 591.08685;
 488.77542, 609.35114;
 1925.5472, 494.60403]
[696.60455, 493.15799;
 1193.3317, 504.40741;
 1289.5875, 581.55737;
 743.64136, 449.21304;
 499.31012, 592.13745;
 492.12329, 609.73962;
 1925.5472, 494.60403]
[688, 496;
 1193.0991, 505.12698;
 1290.2045, 581.59338;
 743.92706, 449.92188;
 492.90619, 592.23291;
 493.82956, 609.6485;
 1925.5472, 494.60403]
[688.76599, 497.28311;
 1192.9364, 505.49646;
 1290.8931, 582.27356;
 744.06195, 450.30078;
 488.45163, 592.72156;
 496.3674, 609.59302;
 1925.5472, 494.60403]
[689.24524, 497.92197;
 1192.9576, 505.52179;
 1291.6635, 582.48364;
 744.06421, 450.78607;
 476.23209, 594.9809;
 497.72983, 609.95386;
 1925.5472, 494.60403]
[689.66687, 498.56265;
 1193.1606, 505.63284;
 1292.4244, 582.48627;
 744.39539, 451.08258;
 481.07675, 594.55322;
 498.98636, 610.22076;
 1925.5472, 494.60403]
[690.8526, 498.93948;
 1195.119, 505.11865;
 1293.184, 582.52057;
 745.32495, 451.84982;
 485.46487, 594.25275;
 501.17249, 610.37506;
 1925.5472, 494.60403]
[692.27972, 500.56058;
 1195.5317, 504.56476;
 1293.5651, 582.36127;
 746.31415, 452.33145;
 489.66794, 594.43744;
 502.70776, 610.41852;
 1925.5472, 494.60403]
[693.37634, 501.65927;
 1197.1348, 504.56177;
 1293.5814, 582.4563;
 747.05975, 452.6395;
 493.96658, 594.10638;
 505.15158, 610.15363;
 1925.5472, 494.60403]
[694.15753, 502.92477;
 1198.6627, 503.72977;
 1294.6156, 582.44818;
 747.73309, 452.98032;
 497.27933, 593.77374;
 508.27191, 608.32336;
 1925.5472, 494.60403]
[695.40912, 504.24377;
 1200.5497, 504.04721;
 1295.4451, 582.17432;
 748.70898, 453.62845;
 469, 595;
 513.24792, 605.79321;
 1925.5472, 494.60403]
[695.54419, 504.88788;
 1202.6793, 503.51617;
 1297.1626, 582.22241;
 748.5722, 453.70575;
 488.31546, 612.26288;
 516.47382, 603.60419;
 1925.5472, 494.60403]
[695.23016, 506.30716;
 1204.3075, 503.59915;
 1298.9116, 582.27484;
 749.37854, 454.05405;
 479.53854, 605.37115;
 528.2251, 600.78705;
 1925.5472, 494.60403]
[695.17944, 506.86853;
 1205.7711, 504.11136;
 1300.9159, 582.00317;
 749.4729, 454.09109;
 484.80298, 613.94165;
 530.76947, 601.14105;
 1925.5472, 494.60403]
[695.08984, 507.25351;
 1208.0569, 503.7175;
 1302.9142, 581.96667;
 750.13, 453.99759;
 460, 587;
 538.45551, 604.5434;
 1925.5472, 494.60403]
[695.31653, 507.67737;
 1209.7876, 503.72717;
 1305.6167, 581.90918;
 750.57587, 454.09229;
 458.60605, 587.93457;
 530.42157, 602.60925;
 1925.5472, 494.60403]
[695.87665, 508.28793;
 1214.7412, 503.59265;
 1310.8124, 581.4245;
 753.42419, 454.41797;
 456.00665, 588.38367;
 536.08759, 600.77875;
 1925.5472, 494.60403]
[695.99994, 508.21222;
 1215.4253, 503.41669;
 1313.7341, 581.11469;
 755.33771, 454.28961;
 455.24582, 589.15771;
 539.21918, 600.06305;
 1925.5472, 494.60403]
[696.44745, 508.16675;
 1219.2937, 503.58463;
 1316.3334, 581.1532;
 757.03766, 454.49469;
 453.401, 589.10846;
 544.16614, 601.03589;
 1925.5472, 494.60403]
[697.62592, 507.84756;
 1220.1138, 503.8175;
 1319.0775, 581.1264;
 759.633, 454.76544;
 452.41895, 589.21045;
 548.18439, 599.28131;
 1925.5472, 494.60403]
[698.85284, 507.90128;
 1223.387, 504.62964;
 1321.7938, 581.13049;
 761.87683, 454.96194;
 451.41626, 589.18842;
 551.87573, 598.80029;
 1925.5472, 494.60403]
[699.79895, 507.79285;
 1226.6235, 504.37827;
 1324.5416, 581.6142;
 763.67065, 455.0354;
 450.43597, 588.98053;
 555.35034, 597.56299;
 1925.5472, 494.60403]
[701.67804, 506.97592;
 1230.5657, 504.33417;
 1327.4001, 581.64441;
 766.1441, 455.23022;
 449.09552, 588.43414;
 558.94641, 597.00085;
 1925.5472, 494.60403]
[703.27362, 506.50467;
 1234.7909, 503.91916;
 1329.8962, 582.57825;
 767.34784, 455.51309;
 448.74707, 588.02228;
 563.14417, 596.34393;
 1925.5472, 494.60403]
[705.57825, 506.02374;
 1240.142, 503.56735;
 1332.4243, 583.00598;
 769.40771, 455.75385;
 448.05658, 587.36084;
 568.76031, 594.95636;
 1925.5472, 494.60403]
[706.9292, 506.27176;
 1252, 518;
 1335.4171, 583.50751;
 771.41113, 455.99139;
 447.10587, 587.33136;
 572.34186, 595.70624;
 1925.5472, 494.60403]
[708.2973, 505.30463;
 1252.6505, 518.3476;
 1338.5189, 583.17175;
 773.02411, 456.15048;
 447.16513, 587.17444;
 574.5614, 596.53912;
 1925.5472, 494.60403]
[709.41724, 505.23099;
 1246.9504, 515.93823;
 1341.4215, 583.12421;
 774.61981, 456.99127;
 446.34286, 587.24957;
 578.52521, 597.71075;
 1925.5472, 494.60403]
[710.99835, 504.89752;
 1251.2192, 515.59631;
 1345.8972, 583.22174;
 776.68005, 457.58829;
 446.32755, 587.45166;
 583.52344, 597.04059;
 1925.5472, 494.60403]
[711.90674, 505.03192;
 1254.4811, 515.52893;
 1349.9443, 583.53546;
 778.04681, 458.22147;
 446.56308, 587.6994;
 587.1496, 598.85419;
 1925.5472, 494.60403]
[713.12579, 504.49649;
 1258.1149, 515.78943;
 1353.7001, 582.90613;
 780.69781, 458.75708;
 446.24487, 588.32935;
 592.34546, 600.1283;
 1925.5472, 494.60403]
[713.58789, 504.23807;
 1262.3009, 514.84717;
 1357.675, 582.55151;
 781.29321, 458.99484;
 446.2316, 588.56232;
 595.93414, 599.71228;
 1925.5472, 494.60403]
[714.56848, 504.26895;
 1265.6224, 515.46082;
 1362.1406, 582.63727;
 783.96179, 459.89676;
 446.2431, 588.53979;
 598.40979, 599.28772;
 1925.5472, 494.60403]
[715.40875, 504.44043;
 1268.6138, 515.86713;
 1365.8685, 583.15875;
 784.41565, 460.01614;
 446.33755, 588.81396;
 600.3432, 598.60999;
 1925.5472, 494.60403]
[715.72693, 504.65298;
 1272.4796, 515.98926;
 1370.1342, 583.16498;
 785.12982, 460.21234;
 446.86273, 589.02869;
 602.32635, 598.23956;
 1925.5472, 494.60403]
[716.46228, 504.64783;
 1277.032, 516.66125;
 1373.9429, 583.28082;
 786.96338, 460.1843;
 449.04623, 588.33221;
 604.60089, 597.54077;
 1925.5472, 494.60403]
[717.42657, 504.75568;
 1281.6539, 517.31921;
 1378.1787, 584.15143;
 790.58087, 460.60565;
 449.49142, 587.9809;
 607.32458, 597.43994;
 1925.5472, 494.60403]
[717.58636, 504.80649;
 1284.7045, 517.40369;
 1381.8112, 584.9787;
 791.08545, 460.62512;
 450.7558, 587.87061;
 608.87067, 596.85742;
 1925.5472, 494.60403]
[718.90527, 505.02594;
 1286.9425, 517.44757;
 1385.776, 585.11523;
 792.995, 461.06485;
 453.88504, 587.97961;
 610.9826, 596.50378;
 1925.5472, 494.60403]
[719.39301, 505.05341;
 1291.2122, 516.58679;
 1389.1161, 585.05798;
 792.92731, 460.33957;
 453.89352, 587.97711;
 614.24725, 595.29498;
 1925.5472, 494.60403]
[719.34167, 504.9292;
 1292.9868, 515.9892;
 1392.1807, 584.44159;
 795.87903, 459.57654;
 456.1358, 588.52191;
 615.83984, 593.97107;
 1925.5472, 494.60403]
[719.45203, 505.08502;
 1295.7202, 515.72107;
 1394.6602, 584.13605;
 799.88519, 460.33002;
 456.28683, 588.4668;
 617.61774, 591.12592;
 1925.5472, 494.60403]
[719.6922, 505.0954;
 1298.4746, 515.8197;
 1398.0831, 584.21289;
 804.79828, 461.14032;
 458.48502, 589.18445;
 619.55988, 588.47858;
 1925.5472, 494.60403]
[719.76691, 505.41446;
 1303.7992, 515.95807;
 1403.5092, 582.97601;
 807.87177, 461.7767;
 459.59256, 589.37213;
 620.1153, 585.66431;
 1925.5472, 494.60403]
[719.60956, 505.52579;
 1307.4186, 516.64734;
 1400.8098, 585.0238;
 810.62555, 462.65704;
 460.46222, 589.6922;
 620.44824, 582.87012;
 1925.5472, 494.60403]
