[675, 742]
[677.002, 741.438]
[676, 734]
[679.265, 727.481]
[682, 719]
[684, 711]
[687.433, 707.559]
[691, 703]
[694.754, 702.073]
[694, 699]
[697.648, 701.924]
[702, 701]
[705.544, 706.083]
[706, 709]
[709, 707]
[712.503, 709.726]
[715.527, 712.07]
[714, 711]
[719, 711]
[719, 707]
[721.227, 706.303]
[722, 703]
[723.622, 702.35]
[724.903, 701.634]
[726.013, 701.561]
[727.456, 702.946]
[727, 701]
[729, 700]
[730.246, 701.429]
[729, 700]
[729.577, 701.226]
[730.174, 702.876]
[730.589, 703.796]
[730.879, 705.11]
[730.887, 705.646]
[730.819, 706.966]
[730.402, 708.117]
[727, 703]
[725, 702]
[724, 702]
[723, 701]
[722.28, 702.816]
[721.356, 705.522]
[720.284, 707.488]
[718.868, 710.117]
[718.221, 712.915]
[716.957, 714.415]
[715.89, 716.278]
[708, 712]
[706.771, 713.841]
[705.735, 714.2]
[703.588, 715.984]
[702.017, 716.713]
[700.682, 717.091]
[697, 711]
[708, 706]
[720.874, 704.367]
[741, 703]
[761, 702]
[782, 712]
[794, 707]
[786.425, 697.603]
[780, 700]
[774, 697]
[769, 697]
[762, 701]
[756.076, 698.557]
[751, 703]
[747, 708]
[749, 718]
[743, 726]
[741.245, 727.453]
[738.156, 742.845]
[732.7, 741.481]
[727.855, 742.664]
[723.694, 742.863]
[726.612, 747.104]
[750, 720]
[758, 712]
[765, 712]
[780, 713]
[789.374, 711.859]
[792, 717]
[800.24, 718.543]
[806.125, 725.509]
[810.085, 730.926]
[812, 736]
[813.347, 739.299]
[806.093, 742.215]
[820, 749]
[819.116, 748.913]
[819.252, 750.367]
[821.497, 750.593]
[821.353, 750.167]
[817.738, 751.507]
[818.348, 751.221]
[820.144, 750.088]
[802, 747]
[794, 737]
[791.164, 730.212]
[791.625, 723.272]
[793.833, 716.002]
[799.012, 707.774]
[812.615, 691.371]
[834.219, 677.798]
[855.859, 664.569]
[879.145, 653.105]
[898.372, 645.071]
[919.537, 637.57]
[941.139, 630.017]
[961.848, 626.709]
[981.047, 619.204]
[1003.1, 617.87]
[1018.93, 614.386]
[1041.59, 614.28]
[1056.6, 611.666]
[1077.38, 612.688]
[1097.53, 615.246]
[1115.29, 618.417]
[1152.26, 627.585]
[1170.9, 634.819]
[1187.78, 642.023]
[1203.76, 650.972]
[1216.78, 655.576]
[1224, 648.907]
[1232.09, 642.343]
[1232.69, 641.786]
[1232.11, 641.615]
[1231.2, 639.321]
[1230.74, 636.603]
[1234.33, 632.831]
[1237.52, 628.258]
[1240.26, 623.004]
[1242.06, 618.021]
[1242.63, 614.991]
[1243.71, 615.198]
[1235, 608]
[1237.65, 609.702]
[1240.22, 610.003]
[1240.49, 602.591]
[1241.22, 601.728]
[1241.68, 599.455]
[1242.33, 597.451]
[1244.11, 594.963]
[1245.6, 592.021]
[1246.44, 590.973]
[1247.99, 588.985]
[1238, 582]
[1244.99, 580.547]
[1246.28, 580.591]
[1247.93, 580.885]
[1249.2, 581.064]
[1250.89, 581.289]
[1252.23, 581.697]
[1252.4, 581.398]
[1253.69, 581.451]
[1255.07, 580.206]
[1256.81, 579.351]
[1258.61, 579.013]
[1260.01, 578.153]
[1261.14, 578.055]
[1261.96, 577.277]
[1261.78, 577.216]
[1262.22, 577.344]
[1262.91, 577.584]
[1263.5, 577.288]
[1264.14, 577.031]
[1265.22, 576.562]
[1266.62, 576.765]
[1266.68, 576.987]
[1268.44, 577.237]
[1270.13, 576.777]
[1272.52, 577.487]
[1274.36, 571.774]
[1276.6, 573.211]
[1276.26, 566.868]
[1279.23, 565.999]
[1281.55, 566.799]
[1283.72, 568.062]
[1288.25, 569.177]
[1290.89, 570.278]
[1292.43, 569.773]
[1278, 580]
[1279.48, 579.943]
[1281.88, 581.482]
[1284.09, 582.57]
[1284.83, 585.5]
[1287.48, 586.336]
[1292.97, 589.683]
[1288.73, 593.004]
[1293.29, 594.746]
[1297.29, 595.634]
[1302.23, 596.407]
[1308.23, 597.513]
[1311.15, 597.72]
[1315.98, 597.567]
[1320.53, 596.7]
[1323.43, 594.947]
[1327.51, 595.186]
[1331.71, 595.082]
[1335.93, 594.651]
[1338.15, 594.233]
[1340.99, 593.969]
[1344.38, 593.699]
[1348.61, 594.419]
[1351.98, 594.17]
[1354.9, 593.685]
[1356.67, 593.069]
[1362.7, 588.986]
[1364.72, 585.913]
[1367.61, 581.145]
[1371.99, 571.167]
[1374.85, 560.838]
[1373.09, 556.283]
[1382.04, 546.236]
[1365, 547]
[1360.97, 542.267]
[1355.99, 536.914]
[1349.38, 533.225]
[1341.84, 530.092]
[1333.52, 527.063]
[1326.32, 524.472]
[1319.02, 522.641]
[1314.5, 521.592]
[1310.47, 520.658]
[1308, 521.353]
[1307.29, 522.203]
[1308.65, 524.575]
[1309.45, 528.041]
[1312.38, 531.59]
[1315.61, 533.862]
[1318.62, 535.679]
[1320.78, 536.576]
[1322.24, 536.841]
[1323.35, 537.703]
[1323.63, 537.732]
[1324.63, 537.888]
[1325.55, 537.484]
[1327.63, 535.787]
[1328.23, 534.844]
[1328.29, 536.247]
[1328.63, 535.924]
[1329.61, 535.691]
[1329.68, 537.183]
[1329.72, 537.315]
[1330.88, 538.738]
[1332.01, 539.249]
[1343, 532]
[1346.16, 533.075]
[1345.77, 533.799]
[1346.49, 532.739]
[1346.73, 532.229]
[1346.71, 533.345]
[1346.74, 534.345]
[1347.74, 535.07]
[1353, 526]
[1352.5, 527.328]
[1352.47, 528.759]
[1352.4, 529.335]
[1352.38, 530.288]
[1352.65, 530.715]
[1354.05, 530.96]
[1358.51, 531.24]
[1358.53, 531.65]
[1357.53, 532.251]
[1354.55, 532.624]
[1351.91, 533.372]
[1346.93, 534.279]
[1345.79, 535.444]
[1344.03, 537.377]
[1343.25, 538.736]
[1342.62, 540.204]
[1342.31, 540.156]
[1338.58, 540.127]
[1338.39, 540.558]
[1337.67, 540.955]
[1336.4, 540.317]
[1336.17, 539.659]
[1334.37, 539.576]
[1334.58, 540.219]
[1333.48, 540.454]
[1334.62, 542.936]
[1338.4, 542.096]
[1337.14, 540.891]
[1338.24, 542.398]
[1337.23, 543.979]
[1339.89, 546.34]
[1340.12, 547.613]
[1339.28, 547.326]
[1341, 533]
[1338.22, 534.768]
[1385, 524]
[1384.97, 525.077]
[1384.91, 525.768]
[1385.65, 527.05]
[1386.81, 529.221]
[1387.83, 531.049]
[1387.59, 533.574]
[1397, 521]
[1398.25, 521.567]
[1397.68, 523.482]
[1397.65, 525.88]
[1398.28, 527.73]
[1398.66, 528.992]
[1400.24, 530.405]
[1400.54, 531.269]
[1400.89, 532.976]
[1401.35, 534.527]
[1400.88, 536.019]
[1400.76, 537.002]
[1400.15, 537.222]
[1399.67, 536.931]
[1399.82, 536.828]
[1400.23, 536.314]
[1400.49, 536.064]
[1400.97, 536.293]
[1401.5, 537.092]
[1401.62, 538.595]
[1401.93, 540.557]
[1402.28, 543.249]
[1402.71, 545.19]
[1403.04, 545.699]
[1404.85, 545.053]
[1406.02, 543.305]
[1407.75, 540.288]
[1409.51, 537.558]
[1411.18, 534.696]
[1411.67, 530.852]
[1410.35, 530.872]
[1409.19, 530.509]
[1407.52, 530.159]
[1406.97, 529.506]
[1405.84, 529.171]
[1404.9, 528.398]
[1403.49, 528.096]
[1401.24, 530.203]
[1399.91, 534.681]
[1398.85, 538.54]
[1397.61, 539.782]
[1395.8, 538.422]
[1389.97, 530.87]
[1381.85, 518.325]
[1374.81, 498.707]
[1359, 462]
[1343.6, 443.902]
[1322.19, 419.648]
[1304.85, 404.269]
[1283.37, 385.923]
[1277.64, 383.522]
[1278.39, 383.564]
[1278.76, 383.465]
[1279.65, 383.234]
[1280.1, 383.43]
[1280.8, 383.431]
[1137, 302]
[1122.51, 292.183]
[1093, 274]
[1087.11, 275.802]
[1064, 269]
[1051.39, 272.421]
[1039.47, 275.467]
[1022, 272]
[1014.98, 273.012]
[964.674, 273.647]
[966.221, 273.639]
[979, 277]
[968, 283]
[951, 283]
[946, 289]
[941, 295]
[943.915, 305.617]
[847, 344]
[922, 315]
[906, 322]
[900.985, 329.264]
[900, 344]
[898.851, 352.663]
[887, 367]
[885.395, 366.999]
[874, 388]
[876.36, 395.005]
[880, 402]
[884.873, 392.715]
[887.311, 397.932]
[893.797, 399.062]
[900.366, 401.404]
[911.091, 404.354]
[913.634, 406.797]
[913.832, 407.495]
[916.235, 407.604]
[917.504, 406.111]
[916.849, 404.48]
[918.258, 404.474]
[919.548, 404.804]
[920.486, 405.56]
[920.721, 406.769]
[921.497, 408.053]
[921.29, 409.672]
[921.491, 410.406]
[921.661, 411.35]
[921.701, 411.78]
[921.775, 412.22]
[921.5, 412.791]
[921.866, 412.999]
[921.552, 413.239]
[920.567, 413.206]
[919.725, 412.251]
[918.345, 411.288]
[917.837, 411.451]
[915.535, 412.263]
[914.925, 412.311]
[914.988, 412.376]
[915.13, 412.13]
[914.288, 411.831]
[915.886, 411.881]
[916.346, 412.072]
[917.727, 411.609]
[917.619, 411.535]
[917.917, 411.414]
[917.96, 410.942]
[918.407, 410.931]
[918.454, 410.847]
[918.057, 410.735]
[917.873, 410.662]
[916.98, 410.479]
[916.205, 410.222]
[914.959, 409.68]
[913.877, 409.286]
[910.418, 407.663]
[908.905, 407.496]
[905.734, 406.319]
[904.318, 406.068]
[903.118, 405.824]
[899.44, 405.83]
[897.439, 405.578]
[894.938, 405.188]
[893.303, 404.555]
[893.071, 404.463]
[892.402, 404.454]
[891.8, 404.464]
[889.408, 404.419]
[888.871, 403.854]
[888.406, 403.834]
[887.8, 404.101]
[887.919, 404.115]
[887.905, 404.518]
[887.617, 405.151]
[887.842, 405.621]
[887.544, 406.21]
[885.854, 407.08]
[885.318, 407.661]
[884.586, 408.743]
[884.356, 409.431]
[883.861, 410.246]
[882.891, 411.497]
[882.692, 412.188]
[881.719, 413.218]
[880.816, 413.757]
[880.871, 414.345]
[880.014, 415.17]
[879.042, 415.711]
[879.426, 416.309]
[878.887, 416.814]
[878.543, 417.293]
[879.13, 417.203]
[879.087, 417.675]
[878.202, 418.269]
[878.559, 418.207]
[878.569, 418.406]
[878.582, 418.713]
[878.354, 418.928]
[878.27, 419.063]
[878.097, 419.115]
[877.868, 419.315]
[877.073, 419.462]
[873.195, 420.233]
[870.086, 419.204]
[868.659, 420.377]
[868.451, 419.897]
[865.049, 418.765]
[861.244, 418.576]
[856.764, 417.824]
[853.177, 416.571]
[848.887, 415.967]
[847.499, 415.451]
[839, 410]
[835.843, 411.294]
[831.392, 412.916]
[829.623, 414.142]
[828.244, 414.934]
[827.415, 414.674]
[816, 421]
[814.415, 420.765]
[812.473, 420.126]
[810.579, 419.417]
[808.762, 419.302]
[807.126, 419.035]
[805.09, 419.04]
[803.621, 419.145]
[800.105, 419.498]
[798.411, 419.516]
[796.161, 419.783]
[793.52, 419.856]
[792.107, 420.064]
[790.47, 420.191]
[788.392, 420.096]
[787.832, 420.51]
[786.092, 420.11]
[785.141, 420.548]
[784.616, 420.485]
[783.477, 421.38]
[781.622, 421.195]
[778.826, 421.324]
[776.006, 421.714]
[773.949, 422.002]
[770.982, 422.436]
[768.701, 422.874]
[767.229, 422.683]
[765.91, 422.629]
[760, 417]
[758.443, 416.827]
[757.124, 416.954]
[756.04, 416.549]
[755.153, 417.327]
[753.747, 417.529]
[753.059, 418.134]
[748.793, 418.559]
[748.351, 418.203]
[745.254, 418.218]
[743.444, 418.021]
[741, 411]
[740.943, 411.929]
[741.277, 413.226]
[741.316, 414.337]
[744.537, 420.744]
[745.693, 421.734]
[749.911, 424.392]
[761.15, 424.926]
[761.472, 425.408]
[760, 461]
[761.716, 469.952]
[762.912, 475.463]
[763.41, 477.592]
[763.167, 477.6]
[763.417, 477.527]
[763.377, 478.272]
[764.161, 479.169]
[764.299, 480.025]
[764.046, 481.515]
[764.638, 484.158]
[764.582, 484.722]
[764.407, 486.025]
[764.119, 487.938]
[763.197, 488.911]
[763.346, 489.828]
[764.425, 491.095]
[763.234, 490.693]
[762.393, 490.658]
[761.071, 490.73]
[759.683, 490.701]
[758.113, 491.009]
[756.442, 490.852]
[755.012, 491.314]
[753.417, 491.701]
[751.517, 492.094]
[748.697, 492.934]
[747.283, 493.159]
[745.48, 493.724]
[743.742, 493.614]
[741.779, 494.28]
[740.612, 495.687]
[739.662, 495.346]
[734.555, 493.315]
[733.808, 495.267]
[732.181, 496.081]
[731.584, 496.261]
[730.75, 496.633]
[730.095, 496.99]
[728.726, 496.603]
[726.562, 495.895]
[733, 500]
[734.075, 501.986]
[737.118, 504.486]
[738.181, 505.585]
[745.025, 506.08]
[745.272, 506.768]
[745.694, 507.524]
[746.89, 507.882]
[745.185, 508.847]
[746.508, 510.836]
[749.802, 511.589]
[721, 501]
[721.082, 502.113]
[721.133, 503.81]
[723.009, 506.54]
[724.594, 507.187]
[723.901, 508.491]
[724.671, 508.459]
[725.212, 508.435]
[726.153, 508.77]
[726.96, 508.853]
[727.141, 509.004]
[728.943, 509.66]
[730.028, 509.931]
[728.157, 509.235]
[730.481, 509.043]
[731.468, 509.322]
[731.37, 509.031]
[730.66, 508.643]
[731.887, 508.857]
[732.775, 508.849]
[733.208, 509.081]
[733.855, 509.398]
[734.846, 509.115]
[736.265, 509.131]
[736.525, 509.143]
[739.488, 509.538]
[740.09, 509.871]
[739.941, 509.923]
[739.256, 510.178]
[738.811, 510.253]
[739.736, 510.722]
[740.015, 511.39]
