[315.06381, 363.36588;
 1750.7994, 393.44412;
 2630.9285, 882.40479;
 -822.52875, 689.38324]
[316.41211, 362.98593;
 1751.8551, 393.18393;
 2631.7351, 882.11401;
 -820.99805, 688.83136]
[317.63263, 362.48126;
 1753.6848, 392.78082;
 2633.9734, 882.1933;
 -820.23285, 688.55878]
[319.04584, 361.82098;
 1754.9346, 392.40997;
 2634.801, 881.99377;
 -818.92841, 687.66467]
[320.73898, 361.28708;
 1756.2921, 391.98181;
 2636.0603, 881.64929;
 -816.89154, 687.06079]
[322.35739, 360.6189;
 1758.1202, 391.76697;
 2638.269, 881.771;
 -815.25336, 686.07709]
[323.71783, 359.93192;
 1760.0991, 391.23804;
 2640.3159, 881.57898;
 -814.61591, 685.44342]
[325.49115, 359.20029;
 1761.8416, 390.4183;
 2641.8875, 880.7171;
 -812.93219, 684.79047]
[327.59274, 358.50137;
 1763.6582, 389.74402;
 2643.6843, 880.09271;
 -810.49084, 684.09772]
[328.97009, 357.71341;
 1766.2969, 389.18066;
 2647.2734, 880.02454;
 -809.98499, 683.39758]
[331.0676, 356.85928;
 1768.3546, 388.06656;
 2649.4751, 878.93445;
 -807.72998, 682.88586]
[333.08994, 356.09433;
 1770.3066, 387.25497;
 2651.4341, 877.89911;
 -805.61792, 682.0127]
[334.76559, 355.21255;
 1772.1709, 386.87198;
 2653.0181, 878.14246;
 -804.38519, 680.97394]
[336.85263, 354.60144;
 1774.361, 385.89035;
 2655.8462, 876.9566;
 -801.95105, 680.67358]
[338.84601, 354.10962;
 1776.0682, 385.12781;
 2657.395, 875.91095;
 -799.71753, 680.30933]
[340.27185, 353.31857;
 1778.0719, 384.6239;
 2659.4421, 875.89819;
 -798.98071, 679.52478]
[342.00058, 352.53165;
 1780.0615, 383.58191;
 2661.729, 874.82178;
 -797.35321, 679.03058]
[343.41663, 351.9816;
 1782.1619, 382.80701;
 2664.2825, 874.3869;
 -796.4549, 679.01398]
[345.04865, 351.3508;
 1783.4962, 381.88263;
 2665.4714, 873.05548;
 -794.55792, 678.4469]
[346.56805, 351.12552;
 1784.9537, 381.12872;
 2666.9075, 872.13965;
 -792.97815, 678.76111]
[347.98767, 350.44876;
 1786.8533, 380.42148;
 2669.3584, 871.5799;
 -791.7486, 678.23206]
[348.71585, 350.00009;
 1788.3304, 379.50443;
 2671.4851, 870.32312;
 -791.47437, 678.11536]
[349.71103, 349.638;
 1788.8954, 378.79428;
 2671.9021, 869.39465;
 -790.04773, 678.02576]
[350.37851, 349.55078;
 1789.6111, 378.36926;
 2672.8057, 869.16418;
 -789.3028, 678.50476]
[350.80719, 349.26968;
 1790.1816, 377.71231;
 2673.4785, 868.10468;
 -788.97321, 678.39362]
[351.26379, 349.35284;
 1790.5917, 377.54263;
 2674.1279, 868.0343;
 -788.28003, 678.86621]
[351.36111, 349.42694;
 1790.7996, 377.21469;
 2674.1965, 867.34875;
 -788.42322, 679.17645]
[351.41724, 349.45633;
 1791.0137, 376.90701;
 2674.6458, 866.67712;
 -788.39069, 679.35632]
[351.57059, 349.75964;
 1791.0999, 376.43008;
 2674.822, 865.95679;
 -788.08795, 680.45233]
[351.50797, 350.11017;
 1791.2917, 375.90161;
 2675.7278, 865.02374;
 -787.93652, 681.5993]
[351.03909, 350.42606;
 1790.7561, 375.64319;
 2675.0154, 864.45258;
 -788.45428, 682.3996]
[350.70621, 350.79431;
 1790.1447, 375.51453;
 2674.3567, 864.00488;
 -788.47491, 683.15076]
[350.2464, 351.05331;
 1789.4663, 375.65747;
 2673.9214, 863.99225;
 -788.4812, 683.43903]
[349.38113, 351.62405;
 1788.8169, 375.81024;
 2673.4165, 863.98798;
 -789.50781, 684.41473]
[348.58313, 352.12845;
 1787.6089, 376.34842;
 2671.8857, 864.29419;
 -790.03296, 684.70453]
[347.7471, 352.88525;
 1786.6218, 376.76077;
 2671.0623, 864.33075;
 -790.56042, 685.612]
[346.74356, 353.27271;
 1785.5811, 377.21228;
 2670.033, 864.55072;
 -791.50745, 685.74744]
[345.27606, 354.10489;
 1784.3792, 378.23001;
 2668.9675, 865.74164;
 -793.20386, 686.47681]
[344.34558, 354.73727;
 1782.9154, 379.06055;
 2666.9785, 866.37817;
 -793.85913, 686.71765]
[343.16962, 355.56693;
 1781.5786, 380.11703;
 2665.3018, 867.6601;
 -795.09009, 687.43152]
[341.7695, 356.50403;
 1780.3075, 381.3576;
 2664.1943, 869.2785;
 -796.52948, 688.27081]
[340.68414, 357.22281;
 1778.6061, 382.48233;
 2662.2239, 870.4826;
 -797.0451, 688.54187]
[339.27399, 358.2869;
 1777.0536, 383.49811;
 2660.5659, 871.32037;
 -798.35406, 689.53381]
[337.96478, 359.21896;
 1775.4731, 384.60065;
 2658.5691, 872.30261;
 -799.63336, 690.16364]
[336.48792, 360.2384;
 1774.0177, 385.88449;
 2657.0698, 873.65607;
 -801.16974, 690.90472]
[334.81659, 360.80927;
 1772.0952, 387.46295;
 2654.6067, 875.98993;
 -802.93121, 690.77972]
[333.72888, 361.91797;
 1770.223, 388.51483;
 2652.2207, 876.40143;
 -803.42102, 691.48315]
[331.94904, 362.76013;
 1768.7112, 390.0451;
 2650.6099, 878.44623;
 -805.60907, 691.84906]
[330.44809, 363.78363;
 1766.92, 391.43918;
 2648.3801, 879.88354;
 -807.06995, 692.44214]
[329.02911, 364.93781;
 1765.1222, 393.3786;
 2646.0654, 881.74469;
 -808.40155, 692.55811]
[327.83182, 365.67612;
 1763.3295, 395.30878;
 2644.0264, 883.71277;
 -809.039, 691.8371]
[326.44711, 366.8454;
 1761.7994, 397.49896;
 2642.2322, 887.1438;
 -810.44061, 692.65472]
[324.66391, 367.98495;
 1760.1775, 399.21802;
 2640.0356, 888.90881;
 -812.85333, 693.10504]
[323.52563, 369.00363;
 1758.5966, 401.04929;
 2638.0005, 891.05005;
 -813.776, 693.3399]
[322.82565, 370.3353;
 1757.1605, 402.78177;
 2636.2888, 892.90881;
 -813.75848, 694.26538]
[321.61636, 371.60043;
 1756.1884, 403.99911;
 2635.1294, 893.92206;
 -815.40198, 695.43811]
[320.91028, 372.53049;
 1755.6317, 405.17426;
 2634.9707, 895.02075;
 -816.00079, 696.00531]
[319.97397, 373.63916;
 1754.313, 406.5162;
 2632.5881, 896.40424;
 -817.24762, 696.85406]
[319.05179, 374.51025;
 1753.6281, 408.01462;
 2631.957, 898.37225;
 -818.42896, 697.29102]
[318.39145, 375.65503;
 1752.9441, 409.27338;
 2631.3567, 899.62506;
 -818.99548, 698.28912]
[317.45465, 378.10114;
 1751.1783, 410.39203;
 2629.0239, 899.42273;
 -819.32001, 701.40985]
[317.33994, 378.72305;
 1750.6266, 411.48563;
 2628.7432, 900.39905;
 -818.68726, 701.35602]
[316.60648, 379.48056;
 1749.7134, 412.67819;
 2627.229, 901.71387;
 -819.64069, 701.66162]
[316.05389, 380.60184;
 1749.5132, 413.50797;
 2627.2632, 902.43701;
 -820.46021, 703.06732]
[315.97928, 381.20392;
 1749.0918, 414.24521;
 2626.8135, 903.03473;
 -820.12292, 703.39685]
[315.80017, 382.37274;
 1748.5747, 414.82251;
 2626.4158, 903.47125;
 -819.7934, 705.19916]
[315.34174, 383.21146;
 1748.2095, 415.4957;
 2625.9312, 904.02795;
 -820.45667, 706.1579]
[315.08633, 383.81625;
 1746.0586, 415.41092;
 2649.2529, 907.82367;
 -838.51056, 712.22607]
[314.4538, 384.11459;
 1745.5424, 416.04242;
 2648.7886, 908.81946;
 -839.25208, 712.37134]
[314.37653, 384.83896;
 1744.5183, 416.26306;
 2647.397, 908.2948;
 -838.39282, 713.18152]
[313.56177, 385.56445;
 1744.0531, 416.93805;
 2647.114, 908.95691;
 -839.51929, 713.96191]
[312.92502, 386.15982;
 1743.411, 416.97678;
 2646.7261, 908.36993;
 -839.95868, 714.80072]
[312.78296, 386.73257;
 1743.0359, 417.20419;
 2646.438, 908.54559;
 -839.73712, 715.77625]
[311.77768, 387.50909;
 1742.2258, 417.48758;
 2644.9534, 908.44366;
 -841.49908, 716.89471]
[311.17694, 388.03467;
 1741.203, 418.08142;
 2643.5579, 909.58301;
 -841.83905, 717.74164]
[310.91754, 388.11127;
 1740.7153, 418.44843;
 2643.8677, 909.50116;
 -841.2049, 717.1106]
[309.35629, 388.95337;
 1740.0626, 418.71304;
 2642.9397, 909.98328;
 -844.13715, 718.85394]
[308.98376, 389.22025;
 1739.5734, 418.85291;
 2643.2349, 909.73346;
 -843.77417, 718.99158]
[308.44119, 389.39526;
 1738.3987, 419.59308;
 2641.2788, 910.89001;
 -844.09198, 718.75592]
[307.78613, 390.20584;
 1737.5902, 419.33618;
 2640.2361, 909.33813;
 -844.72479, 719.96185]
[307.42432, 390.13953;
 1735.8159, 420.15506;
 2636.573, 910.77789;
 -844.69415, 719.22845]
[305.77954, 390.56558;
 1735.6564, 420.68872;
 2637.3506, 911.06134;
 -847.53937, 719.32935]
[305.14706, 390.94904;
 1735.15, 421.10767;
 2637.1418, 911.65283;
 -848.10938, 719.79633]
[304.29993, 391.22971;
 1734.8037, 421.57858;
 2637.6521, 912.0304;
 -848.95697, 719.76361]
[303.51334, 391.74557;
 1733.484, 422.27365;
 2635.5576, 913.26495;
 -849.64093, 720.45465]
[302.46683, 391.99908;
 1732.6608, 422.85919;
 2634.8706, 914.24011;
 -850.86859, 720.57556]
[302.14993, 392.43314;
 1731.0078, 423.56601;
 2632.1536, 914.25378;
 -850.27271, 720.14172]
[301.40823, 392.8273;
 1730.5186, 424.03375;
 2631.9265, 914.7525;
 -851.13892, 720.46497]
[300.55872, 393.24265;
 1729.7336, 424.72083;
 2631.0049, 916.06738;
 -852.17255, 721.00311]
[298.90445, 393.19046;
 1728.2407, 426.2804;
 2629.2891, 918.45618;
 -854.20013, 719.51086]
[298.43768, 393.42679;
 1727.7762, 426.50241;
 2628.8938, 918.82178;
 -854.61798, 719.8728]
[298.17035, 393.36505;
 1726.7054, 427.18277;
 2627.332, 919.54645;
 -854.22711, 718.89496]
[297.31461, 393.62009;
 1726.3475, 427.84027;
 2627.3743, 920.23218;
 -855.4165, 718.65662]
[296.66458, 393.74588;
 1725.4374, 428.16934;
 2626.0276, 920.69745;
 -856.06024, 718.62457]
[295.77322, 393.76529;
 1724.9675, 428.8183;
 2625.4414, 921.75372;
 -857.58014, 718.14386]
[295.44431, 393.88898;
 1724.1044, 429.33862;
 2624.4973, 922.3139;
 -857.28436, 717.79034]
[294.59082, 394.33508;
 1722.9618, 429.97208;
 2622.123, 923.52344;
 -858.68768, 718.42841]
[293.60657, 394.39844;
 1722.1804, 430.54712;
 2620.98, 924.27167;
 -860.20172, 717.96704]
[292.73093, 394.30807;
 1721.9578, 431.46661;
 2621.2888, 925.64069;
 -861.51361, 716.92163]
[292.31439, 394.57593;
 1721.1667, 431.98883;
 2620.2344, 926.16699;
 -861.65082, 716.86707]
[291.78793, 394.90021;
 1720.4424, 432.548;
 2619.2761, 926.96594;
 -862.09875, 717.07031]
[291.04431, 395.04398;
 1719.9026, 432.99326;
 2618.6814, 927.69354;
 -863.14569, 717.0401]
[290.93588, 394.94864;
 1719.474, 433.45807;
 2618.0583, 928.4502;
 -862.99109, 716.44696]
[289.92618, 395.44208;
 1718.739, 433.75873;
 2617.105, 928.5332;
 -864.51471, 717.02411]
[289.7406, 395.32953;
 1718.6594, 434.01718;
 2617.3293, 928.94476;
 -864.60797, 716.55151]
[289.08109, 395.30124;
 1718.1761, 434.32938;
 2617.1743, 929.55151;
 -865.24707, 716.30878]
[288.63394, 395.27356;
 1717.2673, 434.37769;
 2615.3887, 929.57526;
 -865.76025, 716.16534]
[288.03238, 395.27246;
 1716.8633, 434.37772;
 2614.6724, 929.55707;
 -866.84845, 716.14923]
[287.43216, 395.08737;
 1716.2089, 434.28867;
 2613.7642, 929.77435;
 -867.56836, 716.07086]
[286.89746, 394.62076;
 1715.835, 433.69156;
 2613.3267, 928.7854;
 -868.35516, 715.4776]
[286.81641, 393.98416;
 1715.4198, 432.77481;
 2612.9436, 927.55438;
 -867.98566, 714.96399]
[286.54434, 393.36777;
 1715.1096, 432.04504;
 2612.1741, 927.15424;
 -868.55359, 714.7395]
[286.47141, 392.73572;
 1715.1514, 430.87897;
 2612.3582, 925.75171;
 -868.66638, 714.61304]
[286.23398, 391.65732;
 1714.8633, 429.65085;
 2612.1628, 923.99457;
 -868.77478, 713.32965]
[285.94229, 390.90668;
 1714.7614, 428.19757;
 2612.0798, 922.27545;
 -869.29358, 713.27869]
[285.89792, 389.67471;
 1714.8849, 426.89197;
 2612.7393, 920.99249;
 -869.151, 712.15808]
[285.39337, 388.56305;
 1714.9758, 425.0213;
 2613.1362, 918.47406;
 -870.18799, 711.5318]
[285.43539, 387.17432;
 1715.0427, 423.45853;
 2613.7808, 917.52667;
 -869.74597, 710.82654]
[285.30283, 385.98477;
 1715.1526, 421.41394;
 2614.7131, 915.00104;
 -869.57202, 710.37012]
[284.77042, 382.4487;
 1715.2386, 417.42563;
 2615.5874, 911.15509;
 -870.30402, 707.51917]
[284.01089, 380.98965;
 1715.5619, 414.52478;
 2616.8423, 907.71204;
 -871.74945, 707.49799]
[283.60526, 378.70767;
 1714.8376, 412.34158;
 2615.928, 905.63196;
 -871.88898, 705.16681]
[283.0267, 376.48691;
 1714.2858, 409.65921;
 2615.6216, 902.53986;
 -872.315, 703.22974]
[282.15817, 374.4353;
 1714.0286, 406.95026;
 2615.8923, 899.87817;
 -873.57098, 702.05414]
[281.22656, 372.15924;
 1713.3713, 404.05661;
 2615.2305, 896.86646;
 -874.85669, 700.47955]
[280.28796, 369.50604;
 1713.203, 401.10892;
 2615.7932, 894.25842;
 -876.23181, 698.45758]
[279.56567, 367.04156;
 1712.1331, 398.38995;
 2615.0371, 891.54401;
 -876.27393, 696.32178]
[278.04706, 364.42691;
 1712.0367, 396.12692;
 2616.1147, 890.21869;
 -878.73151, 693.95996]
[277.2312, 361.76324;
 1711.233, 392.95355;
 2615.4189, 886.64026;
 -879.48077, 691.64502]
[275.66821, 358.99365;
 1710.2732, 390.13647;
 2614.9819, 883.60974;
 -881.42426, 688.77631]
[273.60782, 356.87509;
 1708.7896, 387.69574;
 2613.1145, 882.00201;
 -884.50812, 687.69354]
[272.43268, 354.44742;
 1706.7607, 385.58682;
 2611.0447, 880.21521;
 -884.62256, 685.09955]
[270.3717, 351.86914;
 1705.3716, 383.16556;
 2609.5596, 877.98859;
 -887.61627, 682.46619]
[268.75204, 349.67477;
 1704.1647, 380.35318;
 2608.9978, 874.93738;
 -889.28027, 680.88312]
[266.76605, 347.17081;
 1702.8646, 378.30765;
 2607.9019, 873.63281;
 -891.98792, 678.3479]
[265.2963, 345.22549;
 1701.7772, 376.1597;
 2607.176, 871.685;
 -893.67224, 676.81183]
[263.05954, 343.05411;
 1700.7008, 374.25732;
 2606.4795, 870.63544;
 -897.10876, 674.93536]
[261.56766, 340.89642;
 1699.5879, 372.39365;
 2605.5376, 868.64386;
 -898.95721, 672.30591]
[260.28275, 338.81134;
 1698.0914, 370.31375;
 2603.4668, 866.34515;
 -900.40137, 670.05023]
[258.62067, 336.78137;
 1697.4515, 368.48816;
 2603.2371, 864.72845;
 -903.0636, 667.91528]
[257.51727, 335.57742;
 1696.6495, 366.94223;
 2602.8967, 863.45581;
 -904.20288, 667.35352]
[256.39066, 333.82712;
 1696.0646, 365.02737;
 2602.5813, 861.22046;
 -905.82385, 665.57336]
[255.47382, 332.41495;
 1695.1573, 363.57602;
 2601.8594, 860.10645;
 -906.6145, 664.46405]
[254.62949, 331.01178;
 1694.58, 362.11499;
 2601.5364, 858.94067;
 -907.61255, 663.35596]
[253.83757, 329.70642;
 1694.1917, 360.48853;
 2601.4663, 857.07245;
 -908.68146, 662.28046]
[253.65746, 328.78757;
 1693.2395, 359.48813;
 2599.9182, 856.12952;
 -908.32117, 661.50909]
[253.23598, 327.9101;
 1693.5275, 358.5318;
 2601.0251, 855.48199;
 -909.03601, 660.96368]
[252.91994, 327.14908;
 1693.119, 357.0379;
 2600.3254, 853.22107;
 -909.45135, 660.56561]
[252.64725, 325.74527;
 1693.1464, 354.93555;
 2600.3044, 850.78864;
 -910.1452, 659.80792]
[252.67989, 325.08936;
 1693.218, 354.12006;
 2600.6267, 850.34625;
 -909.97528, 659.63574]
[252.8569, 324.58017;
 1693.4473, 353.26941;
 2601.2246, 848.64648;
 -909.58704, 658.92725]
[252.74457, 324.36502;
 1694.1058, 352.39911;
 2602.6147, 847.75568;
 -910.13696, 659.53448]
[253.01767, 324.53253;
 1694.3718, 351.95486;
 2603.1863, 847.44208;
 -909.62518, 660.58215]
[253.48022, 324.41779;
 1694.4152, 351.48264;
 2602.6182, 846.86401;
 -909.08234, 660.8454]
[254.22014, 324.02072;
 1695.0975, 351.02628;
 2604.0161, 845.99664;
 -907.73035, 660.21661]
[254.67676, 324.18716;
 1695.327, 350.40393;
 2603.9312, 844.75153;
 -907.21796, 660.92535]
[255.17542, 324.22412;
 1696.3662, 350.39304;
 2605.3887, 844.93958;
 -907.09717, 661.17255]
[255.51984, 324.41498;
 1696.937, 349.57095;
 2606.2632, 843.37207;
 -906.81384, 662.10046]
[255.86269, 324.2399;
 1697.8265, 349.36752;
 2607.9956, 843.09393;
 -906.53833, 661.90576]
[256.4342, 324.30426;
 1698.1444, 349.13248;
 2608.0386, 842.87927;
 -905.85175, 662.3681]
[257.55908, 324.39896;
 1698.6224, 348.66623;
 2608.4866, 842.23523;
 -903.92285, 663.04694]
[257.67566, 324.62811;
 1699.0841, 348.36575;
 2609.0862, 841.5965;
 -904.14325, 663.70001]
[258.20386, 324.7103;
 1699.145, 348.24481;
 2608.9575, 841.46967;
 -903.15833, 664.03741]
[258.47174, 324.9527;
 1699.6276, 348.0029;
 2609.417, 840.84485;
 -903.18292, 664.61255]
[259.00153, 324.99548;
 1700.2122, 347.86093;
 2610.3862, 840.60193;
 -902.43091, 664.81653]
[259.4393, 325.17496;
 1700.5875, 347.75314;
 2610.7327, 840.3418;
 -901.93445, 665.24921]
[259.77249, 325.35492;
 1701.2692, 347.74582;
 2611.897, 840.42432;
 -901.68518, 665.7359]
[260.29709, 325.68182;
 1701.4271, 347.68881;
 2611.7959, 840.14624;
 -900.88483, 666.388]
[260.75479, 326.0148;
 1702.1577, 347.6713;
 2613.074, 839.95032;
 -900.36719, 667.03564]
[261.20349, 326.15942;
 1702.1433, 347.76947;
 2612.3293, 839.73676;
 -899.8667, 667.00641]
[261.84949, 326.54422;
 1702.3485, 347.99008;
 2612.571, 840.03699;
 -898.62988, 667.66071]
[262.40405, 326.69061;
 1702.6305, 347.94608;
 2612.8494, 839.7439;
 -897.72992, 667.86426]
[262.68689, 326.95737;
 1703.4116, 348.00458;
 2613.9519, 839.88226;
 -897.84473, 668.45728]
[263.47675, 327.2272;
 1703.9982, 348.02609;
 2614.6401, 839.7962;
 -896.71643, 668.96417]
[263.96359, 327.61826;
 1704.7351, 348.19656;
 2615.3025, 839.79675;
 -896.60443, 669.51013]
[264.93759, 328.0022;
 1705.6449, 348.67126;
 2616.4941, 840.57019;
 -895.33691, 670.00171]
[266.13544, 328.34888;
 1706.5106, 348.93967;
 2617.1409, 840.6897;
 -893.87787, 670.33716]
[266.88077, 328.87799;
 1707.658, 349.27887;
 2618.1448, 841.21368;
 -893.75439, 671.24774]
[268.32983, 329.06937;
 1708.8414, 349.49213;
 2619.1484, 841.39087;
 -892.10193, 671.38428]
[271.30133, 329.49716;
 1711.6987, 350.1796;
 2621.7249, 842.15497;
 -889.19342, 671.53766]
[272.99365, 329.55911;
 1713.6715, 350.91183;
 2623.8521, 843.37994;
 -887.74274, 671.11133]
[275.28564, 329.63947;
 1715.5024, 351.289;
 2625.5376, 843.72046;
 -884.97137, 670.78448]
[277.46164, 329.80035;
 1717.6276, 351.46683;
 2627.593, 843.7616;
 -882.78119, 670.82147]
[279.98059, 329.86636;
 1719.8732, 351.52072;
 2629.5371, 843.84149;
 -880.13892, 670.92218]
[282.42688, 330.0369;
 1722.2798, 351.82913;
 2631.6543, 844.07635;
 -877.85516, 670.86182]
[285.27917, 329.98285;
 1725.3357, 352.17996;
 2635.1626, 844.51648;
 -874.92419, 670.35693]
[288.47198, 330.02686;
 1727.8734, 352.35025;
 2637.301, 844.63745;
 -871.19012, 670.2027]
[291.70792, 330.27609;
 1731.7811, 352.30576;
 2642.5654, 844.43134;
 -867.79706, 670.7063]
[295.40994, 330.10306;
 1735.0809, 352.50009;
 2645.5703, 844.83276;
 -863.80243, 670.21851]
[298.8931, 330.36066;
 1738.2194, 352.66614;
 2648.1033, 844.91058;
 -860.33276, 670.52698]
[302.52628, 330.49786;
 1742.0806, 352.90027;
 2652.0403, 845.05109;
 -856.9325, 670.47028]
[306.67206, 330.61667;
 1746.1818, 352.90457;
 2656.4365, 844.85211;
 -852.50665, 670.58337]
[310.93594, 330.7489;
 1750.3888, 352.92487;
 2660.7993, 844.71808;
 -848.05566, 670.74323]
[315.12433, 330.98822;
 1754.3579, 353.00153;
 2664.7043, 844.6571;
 -843.63568, 671.08752]
[319.05942, 331.01462;
 1758.8136, 353.0723;
 2669.6968, 844.68695;
 -839.96332, 671.02649]
[323.21439, 331.03986;
 1762.7617, 353.20966;
 2673.1667, 845.00122;
 -835.9021, 671.04089]
[327.54471, 331.02203;
 1767.1315, 353.29727;
 2677.7991, 845.06769;
 -831.42523, 670.87238]
[332.26312, 331.33411;
 1771.9585, 353.35132;
 2683.5085, 845.46332;
 -826.18506, 671.77026]
[336.91125, 331.57346;
 1776.6793, 353.09531;
 2688.583, 845.07477;
 -821.36432, 672.54395]
[340.97089, 331.6069;
 1781.2272, 352.91006;
 2693.2456, 844.73834;
 -817.84412, 672.7439]
[344.84003, 331.67847;
 1785.5593, 352.69183;
 2697.3293, 844.38788;
 -814.75385, 673.08728]
[349.37503, 331.80707;
 1789.9413, 352.43698;
 2701.8591, 843.86633;
 -809.90912, 673.50684]
[353.9574, 331.939;
 1794.4282, 352.13016;
 2706.8044, 843.39417;
 -804.86194, 674.07617]
[357.71451, 332.07346;
 1798.8038, 351.61743;
 2711.1641, 842.58899;
 -801.90924, 674.81927]
[361.89615, 332.22205;
 1803.7849, 351.21411;
 2717.3323, 841.87305;
 -797.86273, 675.43945]
[365.99677, 332.08365;
 1808.2186, 350.89417;
 2722.2627, 842.01044;
 -793.81854, 675.87567]
[369.86234, 332.12906;
 1812.1943, 350.44418;
 2726.3428, 841.34869;
 -790.01489, 676.39575]
[373.68048, 331.89798;
 1815.9482, 349.73096;
 2730.2737, 839.95721;
 -785.98267, 676.27332]
[381.06601, 331.55692;
 1823.6178, 348.58093;
 2738.394, 838.88446;
 -778.62323, 677.02448]
[384.41504, 331.82187;
 1827.4642, 348.21664;
 2742.7693, 838.49896;
 -775.5163, 678.07831]
[387.53287, 331.81866;
 1831.2853, 347.74316;
 2747.0256, 837.80286;
 -772.97089, 678.50977]
[390.94788, 331.67557;
 1835.0171, 347.19562;
 2751.2761, 837.07123;
 -769.57208, 678.74628]
[394.54083, 331.76483;
 1838.2966, 346.92761;
 2754.7776, 836.75153;
 -765.41125, 679.25385]
[397.6684, 331.71848;
 1841.9094, 346.53821;
 2759.0176, 836.04626;
 -762.43518, 679.40967]
[400.92462, 331.47525;
 1845.811, 346.2576;
 2763.509, 835.71564;
 -759.56091, 679.17719]
[403.72623, 331.47232;
 1849.028, 346.00867;
 2766.6013, 835.76758;
 -757.38586, 679.71417]
[406.97113, 331.47839;
 1852.1548, 345.93811;
 2769.9568, 835.70905;
 -753.81812, 679.82703]
[410.07672, 331.2049;
 1855.894, 345.58823;
 2774.8193, 835.13519;
 -750.68359, 679.4837]
[412.89456, 330.85992;
 1859.3021, 345.5181;
 2778.4836, 835.26532;
 -748.42822, 678.93707]
[415.74091, 330.42578;
 1862.6713, 345.31033;
 2781.9348, 835.16748;
 -746.18756, 678.29602]
[418.68921, 330.27417;
 1865.9983, 345.41159;
 2785.4417, 835.72784;
 -743.58942, 678.16479]
[421.5737, 330.14062;
 1869.417, 345.3736;
 2789.3091, 835.5235;
 -741.05048, 677.78448]
[424.8154, 329.68018;
 1872.6898, 345.5051;
 2792.6802, 836.02856;
 -737.7746, 676.84692]
[428.11957, 329.48871;
 1876.3441, 345.26352;
 2796.7454, 835.83624;
 -734.61279, 676.75647]
[431.13937, 329.40176;
 1879.3575, 345.44901;
 2799.3965, 836.07709;
 -731.85413, 676.36267]
[434.12775, 329.42715;
 1882.7048, 345.45078;
 2802.9246, 835.95532;
 -729.19135, 676.32562]
[436.96069, 329.48627;
 1886.557, 345.64957;
 2807.7383, 836.53894;
 -726.93933, 676.49426]
[439.99893, 329.4483;
 1890.3005, 345.69824;
 2811.6721, 837.02112;
 -724.66089, 676.67004]
[443.19077, 329.40833;
 1893.1611, 346.19073;
 2814.0288, 838.09094;
 -721.42322, 676.38177]
[446.1796, 329.63605;
 1896.9213, 346.15106;
 2818.0818, 837.80389;
 -719.19983, 676.76624]
[449.54514, 329.69852;
 1900.184, 346.26279;
 2821.6948, 838.06598;
 -715.44061, 676.87811]
[452.63943, 329.69745;
 1903.7689, 346.70798;
 2825.4421, 838.95667;
 -712.85535, 676.63995]
[455.43964, 329.74728;
 1907.6523, 346.90244;
 2829.7971, 839.4505;
 -711.08484, 676.72906]
[458.56958, 329.7084;
 1910.7284, 347.48077;
 2832.897, 840.42767;
 -707.86713, 676.19946]
[461.78915, 329.81833;
 1914.2698, 347.55588;
 2836.9885, 840.37854;
 -704.64575, 676.26086]
[464.84744, 330.16898;
 1917.8199, 348.12973;
 2840.8015, 841.38831;
 -702.01953, 676.6524]
[467.64597, 330.62277;
 1921.5256, 348.33115;
 2844.8821, 841.56909;
 -700.10046, 677.41345]
[470.46936, 330.8526;
 1925.0059, 348.60754;
 2848.5488, 842.1123;
 -697.97778, 677.78345]
[476.57458, 331.08588;
 1932.7812, 349.13638;
 2857.9697, 843.14655;
 -692.77515, 678.0174]
[479.39224, 331.29813;
 1935.6912, 349.0087;
 2860.0813, 842.95752;
 -690.67529, 678.61835]
[482.19046, 331.38818;
 1939.27, 349.13324;
 2864.1536, 843.263;
 -688.50732, 678.79993]
[485.08691, 331.6066;
 1942.3818, 349.17078;
 2867.1519, 843.41406;
 -685.9726, 679.33453]
[488.02759, 331.89487;
 1945.5447, 349.11856;
 2870.5237, 843.24817;
 -683.16064, 679.9729]
[490.67563, 332.17505;
 1948.9612, 349.09909;
 2874.7485, 843.39081;
 -680.89056, 680.75775]
[493.46683, 332.18759;
 1952.1542, 348.9733;
 2878.4475, 843.08856;
 -678.23151, 680.81506]
[496.23016, 332.21472;
 1955.1366, 348.85953;
 2881.8779, 842.85992;
 -675.40857, 680.93652]
[498.42957, 332.44098;
 1958.5129, 348.57532;
 2885.9346, 842.53979;
 -674.20404, 681.78882]
[500.60861, 332.54846;
 1961.4905, 348.45966;
 2888.9551, 842.43311;
 -673.01196, 682.18848]
[503.07571, 332.70947;
 1964.101, 348.43253;
 2892.1758, 842.34363;
 -670.27118, 682.54333]
[505.2251, 333.1077;
 1967.2096, 348.32596;
 2896.2402, 842.09369;
 -668.62811, 683.4801]
[507.66782, 333.19766;
 1969.5685, 348.14987;
 2899.0557, 841.48846;
 -665.73267, 683.58905]
[509.40308, 333.3884;
 1972.6777, 348.10501;
 2903.1528, 841.47852;
 -665.01392, 684.10724]
[511.88791, 333.58972;
 1974.7334, 347.7569;
 2905.4707, 840.57495;
 -661.78485, 684.59497]
[514.24603, 333.89307;
 1976.6104, 347.58124;
 2907.5532, 839.78058;
 -658.65314, 685.04749]
[516.07275, 333.94937;
 1979.4309, 347.64035;
 2911.4233, 839.97327;
 -657.30951, 685.20032]
[518.0639, 334.09677;
 1981.8121, 347.65717;
 2914.2334, 840.0957;
 -655.49512, 685.59369]
[519.57562, 334.41434;
 1983.9908, 347.65833;
 2916.9797, 840.17969;
 -654.41461, 686.37787]
[521.13885, 334.71719;
 1985.9817, 347.60922;
 2919.2827, 840.16486;
 -653.16467, 687.15643]
[523.03644, 334.91;
 1987.7484, 347.4281;
 2921.2632, 839.85028;
 -650.93634, 687.72784]
[524.02509, 335.22107;
 1989.323, 347.15756;
 2922.8462, 839.02246;
 -650.69812, 688.36481]
[525.67194, 335.64404;
 1991.3746, 347.19568;
 2925.7253, 838.95105;
 -648.9491, 689.198]
[526.97351, 336.0061;
 1992.6478, 347.04626;
 2927.1191, 838.35492;
 -647.51642, 689.87976]
[528.29584, 336.16196;
 1994.4142, 347.05234;
 2929.1558, 838.30695;
 -646.55658, 690.18689]
[529.82257, 336.44196;
 1995.7795, 346.9043;
 2931.1631, 837.76984;
 -644.34064, 690.72284]
[530.86292, 336.74762;
 1997.193, 346.83621;
 2932.7578, 837.62854;
 -643.64746, 691.45148]
[532.14136, 337.13803;
 1998.4296, 346.73337;
 2934.0283, 837.37823;
 -642.28839, 692.36212]
[533.28558, 337.50842;
 1999.8401, 346.46906;
 2935.9741, 836.34814;
 -641.08191, 692.97083]
[535.2951, 338.20654;
 2002.5679, 346.27328;
 2939.356, 835.82202;
 -639.4964, 694.565]
[536.43054, 338.52872;
 2003.86, 346.25348;
 2940.9241, 835.62714;
 -638.35822, 695.19336]
[537.06689, 338.60938;
 2005.707, 346.22604;
 2943.6694, 835.56116;
 -638.59589, 695.38354]
[538.25592, 338.82889;
 2006.963, 345.92371;
 2945.2058, 834.92761;
 -637.28119, 696.02228]
[539.63666, 339.12085;
 2008.2426, 345.97491;
 2946.4802, 835.26721;
 -635.77521, 696.8382]
[540.54004, 339.38504;
 2009.6702, 345.90457;
 2948.4858, 834.97894;
 -635.10858, 697.36719]
[541.53632, 339.54813;
 2010.5658, 345.91177;
 2948.8809, 834.92212;
 -634.3576, 697.68164]
[542.78589, 339.78137;
 2011.845, 346.02258;
 2950.2031, 835.09436;
 -633.1131, 698.11755]
[543.7193, 339.87906;
 2014.052, 345.92337;
 2953.479, 834.94336;
 -633.00421, 698.4281]
[544.87109, 339.97916;
 2015.1377, 345.85007;
 2954.4004, 834.74805;
 -631.89465, 698.65851]
[546.10901, 340.35141;
 2016.9282, 345.82416;
 2956.7981, 834.80798;
 -630.90582, 699.60431]
[547.12207, 340.4314;
 2018.2579, 345.83438;
 2958.1392, 834.81628;
 -630.28845, 699.77234]
[548.51477, 340.75494;
 2019.788, 345.71149;
 2960.0566, 834.42474;
 -628.78143, 700.46539]
[549.75928, 340.90143;
 2020.6831, 345.73676;
 2960.5681, 834.47052;
 -627.37885, 700.7821]
[551.22717, 341.0715;
 2022.4779, 345.81302;
 2962.9197, 834.68994;
 -625.91034, 701.17938]
[552.6853, 341.07935;
 2024.0504, 345.66669;
 2964.6033, 834.45636;
 -624.51208, 701.31934]
[553.90332, 341.26767;
 2025.9353, 345.36496;
 2966.9285, 833.85583;
 -623.81921, 701.91077]
[555.31415, 341.27066;
 2027.7397, 345.37094;
 2968.9661, 833.89227;
 -622.73804, 701.9328]
[556.79645, 341.66791;
 2029.6228, 345.04697;
 2971.4695, 833.05615;
 -621.30109, 702.86884]
[558.13367, 341.89886;
 2031.7203, 344.91522;
 2974.012, 832.78326;
 -620.60486, 703.45764]
[559.71912, 341.92422;
 2033.5153, 344.88663;
 2976.0605, 832.68634;
 -619.09375, 703.50104]
[561.48303, 342.32358;
 2035.4932, 344.87067;
 2978.4155, 832.61542;
 -617.32452, 704.39062]
[563.13123, 342.35312;
 2037.2983, 344.70859;
 2980.343, 832.17828;
 -615.78497, 704.45905]
[564.65051, 342.65311;
 2039.4355, 344.6803;
 2983.252, 832.23846;
 -614.47742, 705.24518]
[566.25696, 342.94324;
 2041.1654, 344.69925;
 2985.0952, 831.94666;
 -612.93958, 705.64954]
[567.6676, 343.46295;
 2043.2968, 345.20023;
 2987.4243, 832.81317;
 -612.29724, 706.46735]
[569.51154, 344.00885;
 2045.333, 345.25635;
 2989.7673, 832.80017;
 -610.47064, 707.58789]
[571.29907, 344.41315;
 2047.2067, 345.68472;
 2991.749, 832.9054;
 -608.70715, 707.7196]
[572.98462, 344.74976;
 2049.8535, 345.97952;
 2995.4563, 833.07629;
 -607.45905, 708.01672]
[574.89905, 345.13834;
 2052.2153, 346.20987;
 2998.2493, 832.93365;
 -605.79327, 708.32867]
[576.37756, 346.10992;
 2054.3772, 346.79129;
 3000.7085, 833.79913;
 -604.9621, 710.01178]
[579.26495, 347.43524;
 2058.4434, 348.14774;
 3005.1184, 835.04456;
 -603.32379, 711.21454]
[581.13605, 348.34723;
 2060.7056, 348.76761;
 3008.1873, 835.61511;
 -601.34662, 712.4632]
[582.93445, 349.03421;
 2062.6489, 349.51242;
 3010.5913, 836.39948;
 -599.38733, 713.10596]
[584.67853, 349.66751;
 2064.6309, 350.48041;
 3013.0076, 837.47797;
 -597.62073, 713.39429]
[586.08191, 350.43091;
 2066.1631, 351.46115;
 3014.3079, 838.83258;
 -596.5578, 714.15967]
[587.65222, 350.96799;
 2067.9749, 352.82114;
 3016.4729, 840.61108;
 -595.02991, 713.9577]
[589.18829, 351.88458;
 2069.9026, 353.71698;
 3019.0188, 841.88391;
 -593.53162, 715.18323]
[590.38898, 352.59521;
 2071.1792, 354.92953;
 3020.002, 843.4762;
 -592.64703, 715.5365]
[591.72284, 353.47342;
 2072.1704, 356.52289;
 3020.7598, 845.07629;
 -591.04572, 715.50525]
[592.69495, 354.49203;
 2074.4275, 357.96204;
 3024.1936, 846.87585;
 -590.83386, 716.25586]
[593.87317, 355.53159;
 2074.6917, 360.08148;
 3023.4529, 849.54352;
 -589.24255, 716.32501]
[594.64325, 356.56586;
 2076.0769, 361.35187;
 3025.1355, 850.70441;
 -589.03552, 716.97534]
[595.58374, 357.65448;
 2076.999, 362.43768;
 3026.2603, 851.68591;
 -587.91718, 717.98938]
[596.21222, 358.44171;
 2077.7896, 364.07489;
 3026.7058, 853.66992;
 -587.75372, 717.94952]
[597.08765, 359.37195;
 2078.6174, 365.36703;
 3027.4688, 854.91345;
 -586.8598, 718.38043]
[597.94507, 360.2424;
 2079.4797, 366.63821;
 3028.3267, 856.2934;
 -586.01392, 718.81989]
[598.56946, 361.01514;
 2080.5439, 367.86728;
 3029.6863, 857.96222;
 -585.73816, 719.33813]
[599.22559, 361.6109;
 2081.0911, 369.08911;
 3029.8372, 859.43115;
 -585.23828, 719.31848]
[599.74274, 362.25763;
 2081.8896, 370.3013;
 3030.7231, 861.10669;
 -585.0202, 719.58905]
[600.25226, 363.03656;
 2082.459, 371.55954;
 3031.085, 862.69061;
 -584.73865, 719.99933]
[600.9126, 363.84921;
 2083.0889, 372.77994;
 3031.6367, 864.43726;
 -584.09479, 720.68481]
[601.61157, 364.37115;
 2082.9077, 374.11035;
 3030.6174, 865.75104;
 -582.89148, 720.16058]
[602.08582, 365.12494;
 2083.9004, 375.40649;
 3031.9636, 867.29401;
 -582.81744, 720.4054]
[602.63312, 365.68127;
 2084.2949, 376.37442;
 3032.1724, 868.53857;
 -582.21417, 720.64258]
[602.83246, 366.20511;
 2084.9189, 377.44922;
 3032.8516, 870.03113;
 -582.51294, 720.7749]
[603.33344, 366.78302;
 2085.0747, 378.29059;
 3032.8691, 870.97906;
 -581.67413, 721.09576]
[603.52991, 367.05765;
 2085.1445, 379.33844;
 3032.5432, 872.45837;
 -581.61353, 720.70483]
[603.534, 367.59363;
 2085.3943, 380.06955;
 3032.6462, 873.69977;
 -582.03375, 721.3736]
[603.80652, 367.77216;
 2085.2769, 380.80963;
 3032.1577, 874.62061;
 -581.53845, 720.9696]
[604.07648, 368.18466;
 2085.9836, 382.16309;
 3032.9331, 876.63293;
 -581.77393, 720.67236]
[604.1319, 368.46466;
 2086.5176, 382.65021;
 3033.8621, 877.53192;
 -582.02972, 720.99597]
[604.01831, 368.55722;
 2086.9138, 383.23877;
 3034.3606, 878.45947;
 -582.71747, 720.70807]
[604.26855, 368.6423;
 2086.6604, 383.62344;
 3033.71, 878.52045;
 -582.11517, 720.16766]
[604.60443, 368.65112;
 2086.8469, 383.99374;
 3033.925, 879.12592;
 -581.5639, 719.89044]
[604.83972, 368.67761;
 2087.0176, 384.33908;
 3033.9963, 879.78052;
 -581.31793, 719.74084]
[604.91486, 368.67874;
 2087.0342, 384.57852;
 3034.0786, 880.15399;
 -581.11938, 719.53754]
[604.96826, 368.57764;
 2087.0251, 384.89856;
 3033.9441, 880.72815;
 -581.0722, 719.08868]
[604.96649, 368.689;
 2086.8933, 384.78238;
 3033.5969, 880.349;
 -581.06525, 719.29425]
[605.25067, 368.78952;
 2086.4636, 384.94901;
 3032.52, 880.40326;
 -580.35669, 719.22595]
[605.22809, 368.75308;
 2086.8225, 384.94336;
 3033.2698, 880.55206;
 -580.5755, 719.26581]
[605.20026, 368.53116;
 2086.863, 384.93494;
 3033.311, 880.70569;
 -580.68884, 718.89233]
[605.07678, 368.20078;
 2086.8965, 384.67239;
 3033.3574, 880.37854;
 -581.00409, 718.42688]
[605.08502, 368.01041;
 2086.8967, 384.50186;
 3033.3572, 880.11188;
 -580.98804, 718.1391]
[605.23309, 367.87018;
 2086.8101, 384.38321;
 3033.1548, 879.83783;
 -580.62781, 717.85492]
[605.25165, 367.61154;
 2086.7676, 384.36154;
 3033.0864, 879.74445;
 -580.55011, 717.23962]
[605.46893, 367.46436;
 2086.979, 384.21594;
 3033.2156, 880.05023;
 -580.38757, 717.42847]
[605.8125, 367.25064;
 2087.3186, 383.92999;
 3033.7363, 879.58167;
 -579.90454, 717.17004]
[605.75836, 367.23428;
 2087.9983, 383.66769;
 3034.55, 879.36371;
 -580.79333, 717.50171]
[606.18799, 366.81369;
 2088.5413, 383.60391;
 3035.2305, 879.59985;
 -580.40277, 716.84955]
[606.54797, 366.77667;
 2089.2578, 383.32419;
 3036.2622, 879.1684;
 -580.26398, 717.00922]
[607.10437, 366.75726;
 2089.7493, 382.97745;
 3036.75, 878.52014;
 -579.62512, 717.1828]
[607.89587, 366.68506;
 2090.5962, 382.95065;
 3037.8228, 878.41028;
 -578.73438, 716.99042]
[608.3443, 366.69946;
 2091.186, 382.93777;
 3038.502, 878.47107;
 -578.39697, 717.09497]
[608.9776, 366.71753;
 2092.0227, 382.74307;
 3039.5479, 878.32825;
 -577.87085, 717.42365]
[609.58282, 366.76849;
 2092.8865, 382.67157;
 3040.4634, 878.46246;
 -577.55878, 717.78522]
[610.30811, 366.78345;
 2093.918, 382.4035;
 3041.7527, 878.11426;
 -577.03198, 718.10193]
[610.78467, 366.75467;
 2094.9819, 382.29846;
 3043.3855, 877.90991;
 -576.87604, 718.09644]
[611.32349, 366.8143;
 2095.7305, 382.11469;
 3044.1389, 877.75983;
 -576.60028, 718.4928]
[612.60077, 366.85019;
 2097.4646, 381.62225;
 3046.2471, 877.04285;
 -575.62512, 719.03613]
[613.38904, 366.96265;
 2098.1108, 381.59137;
 3046.5469, 877.05798;
 -574.91144, 719.36658]
[613.99835, 366.99997;
 2099.313, 381.2453;
 3048.4124, 876.46161;
 -574.56677, 719.70667]
[614.64844, 367.08743;
 2100.4001, 381.09958;
 3049.8188, 876.24658;
 -574.2348, 720.04016]
[615.16681, 367.14993;
 2101.833, 381.00342;
 3052.261, 876.03064;
 -574.13275, 720.21582]
[616.13733, 367.3573;
 2102.7693, 380.92889;
 3053.2537, 875.80707;
 -573.0788, 720.67181]
[617.04602, 367.64972;
 2103.7485, 380.91837;
 3054.116, 875.7627;
 -572.34668, 721.32654]
[618.13135, 367.92944;
 2105.5994, 380.91016;
 3056.7397, 875.61566;
 -571.66058, 721.87067]
[619.44171, 368.06644;
 2107.2454, 380.86517;
 3058.6619, 875.60156;
 -570.57648, 722.26355]
[620.67596, 368.39386;
 2108.8442, 381.12048;
 3060.4392, 876.1842;
 -569.68054, 722.92822]
[622.04254, 368.65384;
 2110.1475, 381.3956;
 3061.4153, 876.61749;
 -568.48096, 723.28711]
[623.51617, 368.84073;
 2112.2307, 381.54462;
 3064.075, 876.32196;
 -567.34985, 723.1897]
[625.35004, 369.43039;
 2114.4453, 381.67679;
 3066.708, 876.51245;
 -565.69116, 724.40796]
[627.13159, 369.96725;
 2116.9822, 382.26004;
 3069.9385, 877.5152;
 -564.35406, 725.19965]
[629.03583, 370.48297;
 2119.0413, 382.91461;
 3072.01, 878.08173;
 -562.63654, 725.4718]
[631.46167, 371.01791;
 2121.9475, 383.2832;
 3075.5325, 878.198;
 -560.36371, 726.03052]
[634.09125, 371.51926;
 2125.2241, 383.47119;
 3079.3792, 877.80994;
 -558.14368, 726.50085]
[636.91815, 372.36349;
 2128.928, 384.18839;
 3083.8232, 879.04175;
 -555.87958, 727.89319]
[639.95532, 373.12805;
 2132.7422, 385.10004;
 3088.2927, 880.1673;
 -553.34436, 728.63]
[643.30225, 373.92468;
 2137.2354, 385.77081;
 3093.4414, 880.9433;
 -550.97784, 729.66626]
[646.65515, 374.64993;
 2141.9727, 386.52844;
 3098.9709, 881.6817;
 -548.79871, 730.33588]
[701.09888, 362.12796;
 2183.0527, 406.42548;
 3275.9568, 971.21405;
 -299.57306, 650.33319]
[705.50366, 363.18176;
 2189.9292, 406.90906;
 3284.8691, 971.02509;
 -296.7077, 651.62103]
[710.78552, 364.68723;
 2195.8167, 408.37054;
 3291.1201, 973.40106;
 -291.883, 653.72229]
[716.7132, 366.15506;
 2203.1946, 410.19769;
 3299.9617, 975.77051;
 -286.69525, 655.11371]
[722.6889, 367.38907;
 2210.6968, 411.56693;
 3309.3325, 977.15454;
 -281.30725, 656.20593]
[728.01074, 368.75656;
 2219.0037, 412.61288;
 3319.469, 977.94971;
 -278.22815, 657.78162]
[733.48083, 369.81473;
 2226.4246, 413.93359;
 3328.4038, 979.9978;
 -274.02899, 658.98187]
[738.49036, 370.89514;
 2232.8696, 414.60352;
 3336.0903, 980.23248;
 -269.88443, 660.26001]
[742.78113, 372.0267;
 2239.5999, 415.7337;
 3359.7742, 989.56775;
 -244.88617, 655.28528]
[750.73383, 374.18399;
 2249.8105, 417.7944;
 3371.4492, 991.47815;
 -238.54968, 657.46149]
[754.17377, 375.10947;
 2254.8921, 418.73227;
 3378.2502, 992.49371;
 -235.90807, 658.41809]
[757.04498, 376.09229;
 2258.5532, 420.03995;
 3382.2363, 994.29419;
 -233.71309, 659.33044]
[759.47052, 377.47476;
 2261.8728, 421.39255;
 3386.2615, 995.94604;
 -231.85358, 660.91852]
[761.58942, 378.48108;
 2264.5005, 422.58667;
 3389.3396, 997.12231;
 -230.03136, 661.70929]
[763.29126, 379.78763;
 2266.6782, 423.70407;
 3392.1599, 997.79401;
 -228.47917, 662.96503]
[764.6972, 380.97263;
 2268.6987, 424.88147;
 3395.093, 999.02008;
 -227.21629, 664.18677]
[765.70929, 381.99423;
 2269.9216, 426.21878;
 3396.3782, 1000.6023;
 -226.40001, 665.00452]
[766.4577, 382.86649;
 2270.7478, 427.68597;
 3397.2285, 1002.6013;
 -225.72124, 665.53412]
[767.15875, 384.03021;
 2270.8977, 428.77338;
 3396.7573, 1003.5426;
 -224.77905, 666.69666]
[767.57123, 384.71149;
 2271.5195, 429.84912;
 3397.8159, 1004.717;
 -224.3428, 667.00409]
[767.62885, 385.4881;
 2272.0771, 430.50885;
 3398.8059, 1005.4658;
 -224.57982, 667.95972]
[767.65369, 385.99582;
 2271.928, 431.18039;
 3398.3618, 1006.3177;
 -224.5331, 668.39294]
[767.67902, 386.47247;
 2271.7488, 431.80402;
 3398.0378, 1006.9101;
 -224.36613, 668.69098]
[767.64789, 386.93375;
 2271.6765, 432.33978;
 3397.8809, 1007.3984;
 -224.40511, 669.04382]
[767.57379, 387.44391;
 2270.9753, 432.55438;
 3396.9004, 1007.4075;
 -223.9529, 669.75836]
[767.30255, 387.61411;
 2270.4158, 433.25659;
 3396.1223, 1008.3294;
 -224.03694, 669.47406]
[767.22314, 387.98895;
 2270.3813, 433.37006;
 3396.2185, 1008.5536;
 -224.09209, 670.19794]
[767.11414, 388.19897;
 2270.4648, 433.30539;
 3396.5898, 1008.3219;
 -224.24419, 670.61176]
[766.71802, 388.34155;
 2270.2258, 433.34695;
 3396.1748, 1008.3067;
 -224.90979, 670.83209]
[766.789, 388.27805;
 2270.0591, 433.40366;
 3396.6089, 1008.2089;
 -224.22522, 670.54889]
[766.48468, 388.34091;
 2269.8611, 433.26352;
 3396.2827, 1007.829;
 -224.7189, 670.69543]
[766.33313, 388.35638;
 2269.502, 433.32004;
 3396.0115, 1008.0977;
 -224.58861, 670.78864]
[766.08698, 388.33249;
 2269.1897, 433.15311;
 3395.5811, 1007.8005;
 -224.83299, 670.84576]
[765.85822, 388.20776;
 2268.9214, 432.7002;
 3395.5615, 1006.8763;
 -224.87265, 670.80786]
[765.4209, 387.83823;
 2268.325, 432.61484;
 3394.8977, 1007.1063;
 -225.17599, 670.31036]
[764.9397, 387.70502;
 2267.8982, 432.30048;
 3394.1238, 1006.7704;
 -225.92081, 670.36218]
[764.55292, 387.58798;
 2267.6965, 432.00781;
 3394.3608, 1006.2684;
 -226.25511, 670.31641]
[763.96051, 387.27182;
 2266.6487, 432.05112;
 3392.52, 1006.4872;
 -226.80963, 669.70886]
[762.71411, 386.95337;
 2265.374, 431.91037;
 3391.0159, 1006.6879;
 -228.15913, 669.39349]
[762.37366, 386.86383;
 2264.4585, 431.34229;
 3389.6121, 1005.4277;
 -228.15376, 669.4267]
[761.8855, 386.55511;
 2263.8425, 431.0134;
 3388.9741, 1005.0011;
 -228.52017, 669.08344]
[761.12762, 386.29471;
 2262.7034, 430.88498;
 3387.0466, 1004.881;
 -229.31407, 668.68384]
[760.13574, 386.05225;
 2261.3704, 431.03763;
 3385.2371, 1005.3028;
 -230.20927, 668.1651]
[759.51593, 385.66864;
 2260.5388, 430.86612;
 3384.3674, 1005.2101;
 -230.62613, 667.59485]
[758.87244, 385.53568;
 2259.9832, 430.62366;
 3384.1316, 1004.9537;
 -231.18559, 667.57312]
[758.22534, 385.22046;
 2258.8223, 430.82632;
 3382.5781, 1005.6877;
 -231.49852, 666.99896]
[757.20093, 384.91574;
 2257.7322, 430.72824;
 3381.2629, 1005.82;
 -232.58128, 666.60181]
[756.39862, 384.68039;
 2255.9414, 430.79208;
 3378.385, 1006.0281;
 -232.93422, 666.12317]
[755.67053, 384.39517;
 2254.7324, 430.60324;
 3376.6584, 1005.7468;
 -233.43958, 665.67932]
[754.75806, 384.15695;
 2253.6963, 430.82745;
 3375.2568, 1006.6053;
 -234.4258, 665.30231]
[753.94287, 383.89951;
 2252.2158, 430.98529;
 3373.239, 1007.3021;
 -234.81995, 664.90289]
[752.9856, 383.79623;
 2250.7251, 430.94043;
 3371.0056, 1007.3013;
 -235.623, 664.76129]
[752.29199, 383.63617;
 2249.5754, 431.00708;
 3369.6423, 1007.2662;
 -235.94133, 664.29486]
[751.29993, 383.39191;
 2248.7083, 431.00613;
 3368.5249, 1007.3806;
 -237.21126, 663.85168]
[750.5542, 383.22116;
 2247.7778, 430.94476;
 3367.7004, 1007.3667;
 -237.69981, 663.58875]
[749.79169, 382.84888;
 2246.6882, 430.97742;
 3366.3313, 1007.5524;
 -238.26546, 662.86285]
[749.07788, 382.66559;
 2245.7598, 430.79773;
 3364.9924, 1007.1201;
 -238.98904, 662.52954]
[748.43616, 382.5278;
 2244.8726, 430.56085;
 3364.2305, 1006.5396;
 -239.28905, 662.3017]
[748.06696, 382.30057;
 2244.0198, 430.59918;
 3363.01, 1006.7463;
 -239.34473, 661.88159]
[747.38074, 382.19611;
 2243.2922, 430.6915;
 3362.2827, 1006.9651;
 -239.98511, 661.63562]
[746.81927, 382.15518;
 2242.3284, 430.66879;
 3360.8848, 1006.8588;
 -240.35669, 661.52655]
[746.42883, 382.08365;
 2241.8083, 430.59454;
 3360.1482, 1006.6451;
 -240.73347, 661.37738]
[746.19708, 382.05646;
 2241.6804, 430.61761;
 3360.1182, 1006.7122;
 -241.01855, 661.32098]
[746.21338, 382.03162;
 2241.3723, 430.51608;
 3360.043, 1006.4374;
 -240.51505, 661.27991]
[745.78168, 382.13593;
 2240.9678, 430.39563;
 3359.5818, 1006.0424;
 -241.00746, 661.47113]
[745.7417, 382.26709;
 2240.5767, 430.38141;
 3359.1951, 1005.7723;
 -240.66145, 661.6134]
[745.49982, 382.36707;
 2240.3555, 430.52133;
 3358.7388, 1005.9667;
 -241.06084, 661.70148]
[745.35999, 382.87503;
 2240.1392, 430.29855;
 3358.4709, 1005.2308;
 -241.14473, 662.71136]
[745.27893, 383.1192;
 2239.78, 430.60648;
 3357.7874, 1005.5118;
 -241.11102, 662.87012]
[745.17572, 384.08783;
 2239.6631, 430.43271;
 3358.1121, 1004.3793;
 -240.94281, 664.53308]
[745.17102, 384.31772;
 2239.2842, 430.93234;
 3357.5859, 1004.5846;
 -240.62138, 664.29919]
[745.02856, 384.94415;
 2239.2844, 431.09229;
 3357.5918, 1004.4869;
 -240.91663, 665.28607]
[744.93604, 385.39783;
 2239.3428, 431.15854;
 3358.0098, 1003.9852;
 -240.9698, 665.83478]
[744.97229, 385.94363;
 2239.3394, 431.785;
 3358.3457, 1004.845;
 -240.69289, 666.42694]
[744.86304, 386.46924;
 2239.3259, 432.40329;
 3358.3181, 1005.855;
 -240.91298, 667.07764]
[744.59937, 387.25354;
 2238.9336, 432.521;
 3357.845, 1005.1289;
 -241.08018, 668.10278]
[744.61182, 387.66483;
 2238.5935, 433.18423;
 3357.3503, 1005.8994;
 -240.77225, 668.30115]
[744.47046, 388.51187;
 2238.2605, 433.64758;
 3356.8555, 1006.108;
 -240.79225, 669.4201]
[744.38977, 389.21158;
 2237.9146, 434.03009;
 3356.4666, 1006.024;
 -240.61124, 670.19672]
[744.20483, 389.8765;
 2237.5715, 434.71899;
 3356.1707, 1006.9122;
 -240.59315, 670.95087]
[744.11182, 390.62152;
 2237.4932, 435.29935;
 3356.3555, 1007.4116;
 -240.54898, 671.82886]
[743.99225, 391.18481;
 2237.4631, 435.73639;
 3356.2605, 1007.5807;
 -240.80544, 672.37506]
[743.89648, 391.68369;
 2237.4387, 436.45883;
 3356.4114, 1008.6059;
 -240.87883, 672.80444]
[743.5069, 392.38345;
 2236.9014, 436.89917;
 3355.2922, 1008.8737;
 -241.4463, 673.68768]
[743.56464, 392.91583;
 2236.8013, 437.31317;
 3355.647, 1008.8521;
 -240.95848, 674.09766]
[743.62732, 393.29526;
 2236.5935, 437.84619;
 3355.4167, 1009.3328;
 -240.61398, 674.27881]
[743.27594, 394.03244;
 2236.5161, 438.39609;
 3355.3625, 1010.1174;
 -241.24896, 675.35602]
[743.30524, 394.51501;
 2236.054, 438.92957;
 3354.5332, 1010.6605;
 -240.89452, 675.78882]
[743.22717, 394.94507;
 2236.0942, 439.34769;
 3354.8286, 1010.9244;
 -240.95563, 676.14288]
[743.16284, 395.44907;
 2235.4185, 439.86694;
 3353.6772, 1011.5081;
 -240.621, 676.66785]
[742.91003, 395.93817;
 2235.5276, 440.22922;
 3353.9966, 1011.7679;
 -241.14928, 677.23608]
[742.8479, 396.34207;
 2235.4153, 440.45111;
 3354.2034, 1011.7388;
 -240.97276, 677.69379]
[742.53351, 396.72626;
 2234.9194, 441.12509;
 3353.126, 1012.6735;
 -241.42053, 677.91278]
[742.44629, 396.84964;
 2234.6719, 441.35172;
 3352.9246, 1012.6265;
 -241.30663, 677.7655]
[742.20374, 397.14691;
 2234.689, 441.5379;
 3353.2607, 1012.7816;
 -241.64798, 678.1662]
[742.10059, 397.41797;
 2234.4609, 441.77112;
 3353.0068, 1013.0479;
 -241.6291, 678.49792]
[742.16547, 397.32425;
 2234.1443, 442.06943;
 3352.5525, 1013.5603;
 -241.23083, 678.09937]
[741.81067, 397.578;
 2233.8645, 442.13171;
 3352.3257, 1013.0622;
 -241.6382, 678.23889]
[741.93207, 397.60187;
 2233.3669, 442.19894;
 3351.929, 1013.1575;
 -240.78204, 678.23169]
[741.685, 397.73059;
 2233.4592, 442.14078;
 3352.1155, 1012.9943;
 -241.34518, 678.50403]
[741.65643, 397.72458;
 2233.1345, 442.14679;
 3351.3728, 1013.0295;
 -241.29301, 678.50165]
[741.6275, 397.73337;
 2232.8596, 442.16138;
 3350.8604, 1013.0779;
 -241.19345, 678.52338]
[741.51733, 397.61325;
 2232.7322, 442.17743;
 3351.0164, 1013.1129;
 -241.1212, 678.26562]
[741.0155, 397.4201;
 2232.7219, 441.6221;
 3351.1455, 1012.2222;
 -242.08148, 678.27423]
[740.9032, 397.233;
 2232.4995, 441.38608;
 3351.0049, 1012.0483;
 -242.02837, 678.17633]
[740.68457, 397.15527;
 2232.0154, 441.14624;
 3349.9385, 1011.7759;
 -242.29547, 678.25635]
[740.53894, 396.9046;
 2232.1162, 440.74426;
 3350.2634, 1011.1864;
 -242.57994, 678.0625]
[740.24463, 396.83945;
 2231.9805, 440.17523;
 3350.3083, 1010.244;
 -242.94518, 678.33167]
[740.08807, 396.68048;
 2231.6726, 439.95554;
 3349.9968, 1010.0836;
 -242.94104, 678.27301]
[740.05042, 396.5314;
 2231.0044, 439.81949;
 3348.7808, 1009.9465;
 -242.6064, 678.10913]
[739.70593, 396.26395;
 2231.0762, 439.59689;
 3349.2866, 1009.8344;
 -243.15654, 677.85645]
[739.22339, 396.01785;
 2230.5801, 439.24792;
 3348.6526, 1009.2906;
 -243.70689, 677.61023]
[738.80756, 395.90054;
 2229.9277, 439.07471;
 3347.8406, 1009.257;
 -243.95641, 677.63464]
[738.33624, 395.73242;
 2229.4563, 438.73306;
 3347.2036, 1008.7677;
 -244.52298, 677.57111]
[737.83722, 395.38568;
 2228.9434, 438.53674;
 3346.6904, 1008.6728;
 -245.01019, 677.11871]
[737.41736, 395.02481;
 2227.8425, 438.30072;
 3344.9453, 1008.2324;
 -245.05295, 676.50378]
[736.547, 394.80719;
 2227.1011, 438.32315;
 3344.0632, 1008.5901;
 -246.13898, 676.2182]
[736.02063, 394.50638;
 2226.4133, 438.31604;
 3343.4565, 1008.7681;
 -246.44554, 675.70343]
[735.20813, 394.25256;
 2225.6726, 438.28665;
 3342.7227, 1009.0026;
 -247.32916, 675.35699]
[734.73322, 394.07977;
 2225.1357, 438.40869;
 3342.4604, 1009.4894;
 -247.57655, 675.07288]
[734.07147, 393.71402;
 2224.0728, 438.03558;
 3340.9724, 1008.6302;
 -248.04091, 674.43518]
[733.42938, 393.47913;
 2223.2571, 438.16962;
 3339.9971, 1009.305;
 -248.58453, 674.10968]
[732.71637, 393.3042;
 2221.9316, 438.021;
 3337.9043, 1009.0153;
 -249.07385, 673.82458]
[731.90344, 393.25259;
 2220.7576, 438.01572;
 3336.4929, 1009.0919;
 -249.63219, 673.76917]
[731.12878, 393.01318;
 2219.7192, 438.02798;
 3335.354, 1009.1193;
 -250.17659, 673.26361]
[730.24152, 392.86786;
 2218.6653, 438.09628;
 3334.1536, 1009.2028;
 -250.96565, 672.8941]
[729.43585, 392.75275;
 2217.0269, 438.24319;
 3331.573, 1009.1616;
 -251.40628, 672.38446]
[728.86078, 392.74518;
 2216.1152, 438.52762;
 3330.6016, 1009.699;
 -251.64911, 672.20416]
[727.14404, 392.96277;
 2213.6101, 439.21381;
 3326.782, 1010.7225;
 -253.26855, 672.10437]
[726.30475, 393.0878;
 2212.387, 439.92834;
 3325.2021, 1011.999;
 -253.89761, 671.90955]
[725.49994, 393.1976;
 2211.4402, 440.26233;
 3324.1208, 1012.1323;
 -254.625, 671.6593]
[724.57825, 393.45151;
 2209.9661, 440.77847;
 3321.9253, 1012.7208;
 -255.36456, 671.6684]
[723.77008, 393.72903;
 2208.855, 441.45358;
 3320.4685, 1013.9149;
 -256.03827, 671.81152]
[722.89484, 394.05066;
 2207.8093, 442.15265;
 3319.3364, 1014.6099;
 -256.77301, 671.71899]
[722.2843, 394.52722;
 2206.3979, 442.85162;
 3317.208, 1015.3094;
 -256.92233, 671.95337]
[721.53809, 395.00076;
 2205.3755, 443.72308;
 3315.8694, 1016.4028;
 -257.55447, 672.12006]
[720.52136, 395.43234;
 2204.5417, 444.40637;
 3314.9995, 1017.0941;
 -258.79282, 672.28119]
[719.96997, 395.9761;
 2203.7034, 445.14047;
 3314.0352, 1017.9191;
 -259.09692, 672.67004]
[719.25946, 396.76514;
 2202.2258, 446.10147;
 3311.5662, 1019.1722;
 -259.54276, 673.4397]
[718.6734, 397.29938;
 2201.1733, 446.75934;
 3310.1558, 1019.1526;
 -259.82809, 673.44836]
[717.87769, 397.97083;
 2200.5779, 447.93466;
 3309.4641, 1021.2599;
 -260.89691, 674.10779]
[717.45819, 398.66031;
 2199.4202, 448.99014;
 3307.6169, 1022.5788;
 -260.90298, 674.55017]
[717.08997, 399.38412;
 2198.6775, 449.66159;
 3306.8748, 1022.9153;
 -260.8642, 675.1377]
[716.62335, 400.06155;
 2197.7588, 450.58664;
 3305.6675, 1023.8636;
 -261.00504, 675.55811]
[716.10443, 400.9834;
 2196.936, 451.56662;
 3304.1763, 1025.3152;
 -261.57693, 676.68842]
[715.57245, 401.58734;
 2196.2695, 452.46942;
 3303.2307, 1025.9525;
 -262.12805, 676.81256]
[715.20538, 402.30847;
 2195.345, 453.54471;
 3302.1399, 1026.88;
 -261.99023, 677.06097]
[714.66296, 403.29227;
 2194.8335, 454.5415;
 3301.6545, 1027.9259;
 -262.5549, 678.05859]
[714.35278, 403.92789;
 2194.2622, 455.56403;
 3301.1382, 1029.1019;
 -262.5484, 678.36023]
[713.80096, 404.7403;
 2193.582, 456.43594;
 3299.948, 1029.7549;
 -263.2515, 678.98181]
[713.41687, 405.51578;
 2193.0515, 457.21182;
 3299.2793, 1030.2467;
 -263.55859, 679.59296]
[713.09424, 406.43539;
 2192.6055, 458.38077;
 3298.907, 1031.7958;
 -263.7041, 680.46008]
[712.66461, 407.14886;
 2191.9678, 459.45618;
 3297.9861, 1032.8767;
 -264.06876, 680.78143]
[712.35522, 407.88388;
 2191.51, 460.27277;
 3297.4783, 1033.4901;
 -264.24609, 681.31018]
[712.18427, 408.60187;
 2190.9814, 461.05725;
 3296.7222, 1034.2242;
 -264.15564, 681.92706]
[711.95709, 409.51135;
 2190.5676, 461.95786;
 3296.2048, 1035.3087;
 -264.24182, 682.95233]
[711.41571, 410.22412;
 2190.2732, 462.56296;
 3295.8955, 1035.6123;
 -265.06335, 683.60852]
[711.23279, 411.12161;
 2189.3481, 463.82388;
 3294.6907, 1036.4365;
 -264.59723, 683.85767]
[711.01495, 411.83847;
 2189.2795, 463.86542;
 3295.0566, 1035.4779;
 -264.72861, 684.73431]
[711.0307, 412.34256;
 2189.0662, 464.54736;
 3294.7124, 1036.4813;
 -264.53751, 685.2298]
[710.87195, 412.84085;
 2188.7241, 464.99097;
 3294.2124, 1036.7867;
 -264.58994, 685.70782]
[710.72333, 413.25204;
 2188.2295, 465.60934;
 3293.5095, 1037.2775;
 -264.48245, 685.81903]
[710.79279, 413.77524;
 2188.0369, 466.07553;
 3293.4204, 1037.7548;
 -264.06409, 686.41125]
[710.61169, 414.26434;
 2187.8887, 466.51367;
 3293.6438, 1038.0983;
 -264.06268, 686.90204]
[710.29706, 414.74249;
 2187.2231, 467.04651;
 3292.4099, 1038.6735;
 -264.31921, 687.3454]
[709.97913, 415.19446;
 2186.571, 467.70422;
 3291.3877, 1039.037;
 -264.48438, 687.40338]
[709.21924, 415.86029;
 2186.2332, 468.4964;
 3291.4688, 1040.5385;
 -265.46509, 688.34033]
[708.8244, 416.20236;
 2184.8123, 469.18994;
 3288.9429, 1041.2067;
 -265.38052, 688.28375]
[708.11414, 416.87848;
 2184.4502, 470.06036;
 3288.9465, 1042.5297;
 -266.25577, 689.0094]
[707.448, 417.16855;
 2183.5481, 470.65277;
 3287.5901, 1043.4725;
 -266.92438, 689.17181]
[706.88116, 417.74142;
 2182.4834, 471.11554;
 3286.0818, 1043.8395;
 -267.20602, 689.80939]
[706.13495, 418.00742;
 2181.7485, 471.62683;
 3285.4666, 1044.2628;
 -267.89581, 689.75677]
[705.32892, 418.28339;
 2180.6055, 472.29065;
 3284.0142, 1045.1459;
 -268.51471, 689.73572]
[704.54254, 418.552;
 2179.4902, 472.94183;
 3282.8093, 1046.017;
 -268.9967, 689.71313]
[703.68286, 418.85922;
 2177.9438, 473.66208;
 3280.7534, 1046.8323;
 -269.39682, 689.62457]
[702.68414, 418.91949;
 2176.9458, 474.08417;
 3279.7427, 1047.4785;
 -270.40134, 689.41925]
[701.53571, 419.05582;
 2175.5044, 474.96683;
 3277.5759, 1049.2927;
 -271.64871, 689.27814]
[700.60931, 419.10455;
 2173.6851, 475.57101;
 3274.8806, 1049.8596;
 -272.10922, 688.69867]
[699.44391, 419.28687;
 2172.0354, 476.17279;
 3272.6106, 1050.5431;
 -273.09949, 688.47076]
[698.46307, 419.39899;
 2170.502, 476.58331;
 3270.6052, 1050.8882;
 -273.74179, 688.22021]
[697.36444, 419.44501;
 2168.8491, 477.15881;
 3268.333, 1051.7765;
 -274.58893, 687.86914]
[696.2644, 419.49249;
 2166.9785, 477.79828;
 3265.4036, 1053.1833;
 -275.45551, 687.71332]
[695.10706, 419.47137;
 2165.4001, 478.45752;
 3263.436, 1054.3459;
 -276.37515, 687.24005]
[693.948, 419.49661;
 2163.7173, 478.74207;
 3261.2805, 1054.4045;
 -277.22589, 686.85291]
[692.75104, 419.54156;
 2161.5198, 479.40472;
 3257.925, 1055.3823;
 -277.9993, 686.40558]
[691.37518, 419.62534;
 2159.8486, 479.87128;
 3255.7764, 1055.875;
 -279.33255, 686.08612]
[690.24683, 419.57391;
 2158.4644, 480.39365;
 3254.3523, 1056.8112;
 -280.20438, 685.64728]
[688.94342, 419.81119;
 2156.7571, 480.81549;
 3251.97, 1057.0919;
 -281.45923, 685.60132]
[686.35345, 419.96298;
 2153.8313, 482.02972;
 3248.1929, 1059.3424;
 -284.17575, 685.19086]
[685.45367, 419.94751;
 2151.8169, 482.68405;
 3245.3794, 1060.0912;
 -284.31937, 684.49878]
[684.36859, 420.16208;
 2150.5823, 483.17636;
 3243.9595, 1060.7926;
 -285.35226, 684.53046]
[683.18121, 420.44946;
 2149.0312, 483.54282;
 3241.9036, 1061.0381;
 -286.42941, 684.6618]
[682.09857, 420.62677;
 2147.4043, 484.55704;
 3239.8779, 1062.5004;
 -287.15201, 684.18384]
[681.02942, 420.87012;
 2146.2136, 485.26849;
 3238.5183, 1063.6322;
 -288.18277, 684.15887]
[680.07672, 421.25836;
 2145.0369, 485.82611;
 3237.2524, 1064.4398;
 -288.94601, 684.50641]
[678.84595, 421.35522;
 2144.2734, 486.33936;
 3236.5237, 1065.2665;
 -290.66638, 684.32959]
[678.06128, 421.81219;
 2143.2532, 487.00043;
 3235.387, 1066.2131;
 -291.25955, 684.7287]
[677.27454, 422.05646;
 2141.8186, 487.71442;
 3233.3333, 1067.0469;
 -291.69547, 684.52942]
[676.7757, 422.50711;
 2140.3386, 488.10382;
 3230.7971, 1067.1893;
 -291.7374, 684.90399]
[675.89429, 422.90302;
 2139.5107, 488.8877;
 3229.8787, 1068.5018;
 -292.73468, 685.18066]
[675.26166, 423.31995;
 2138.6113, 489.38776;
 3228.781, 1068.861;
 -293.18753, 685.42615]
[674.63568, 423.47418;
 2137.6455, 489.50168;
 3227.238, 1068.8945;
 -293.7731, 685.57812]
[674.32977, 423.70517;
 2136.7222, 490.22131;
 3225.9553, 1070.0856;
 -293.61121, 685.54785]
[673.74811, 423.90646;
 2136.2061, 490.54675;
 3225.3, 1070.2487;
 -294.3457, 685.52002]
[673.39111, 424.2991;
 2135.4834, 490.63153;
 3224.4077, 1069.7377;
 -294.4006, 685.90503]
[673.3479, 424.51248;
 2134.7942, 491.15884;
 3223.1931, 1070.6472;
 -294.05023, 685.99542]
[673.09082, 424.67929;
 2135.0994, 491.28842;
 3224.2507, 1070.7057;
 -294.48743, 686.1618]
[673.07562, 424.85226;
 2135.0632, 491.58994;
 3224.2874, 1071.2598;
 -294.43561, 686.34039]
[672.96075, 424.98053;
 2134.9458, 491.61038;
 3224.0061, 1070.8387;
 -294.64471, 686.33142]
[672.94226, 425.25333;
 2134.8538, 491.86957;
 3223.811, 1071.3867;
 -294.64172, 686.78564]
[672.97461, 425.65524;
 2134.8562, 491.73679;
 3223.8652, 1070.7656;
 -294.54681, 687.48975]
[673.04877, 425.64334;
 2134.865, 491.95261;
 3223.925, 1070.797;
 -294.37186, 687.12262]
[673.1076, 425.92175;
 2134.9961, 491.82336;
 3224.0574, 1070.2552;
 -294.38928, 687.60803]
[673.5069, 426.12311;
 2135.4814, 492.05658;
 3224.9001, 1070.7009;
 -293.87094, 687.89777]
[674.00891, 426.14914;
 2136.2896, 491.99939;
 3226.3135, 1070.6628;
 -293.3562, 688.02545]
[674.22357, 426.28397;
 2137.1572, 491.8512;
 3227.6711, 1070.4298;
 -293.56665, 688.42084]
[674.59491, 426.34091;
 2137.7781, 491.58051;
 3228.3298, 1069.8403;
 -293.44699, 688.65155]
[675.55762, 426.54999;
 2138.8076, 491.15323;
 3229.6028, 1068.9828;
 -292.41479, 689.30725]
[676.03461, 426.49539;
 2139.1963, 490.93799;
 3230.0764, 1068.5886;
 -291.79617, 689.3241]
[676.4693, 426.54071;
 2139.9363, 490.88687;
 3231.135, 1068.4757;
 -291.50549, 689.4397]
[676.94934, 426.60666;
 2140.9524, 490.50064;
 3232.6433, 1067.6028;
 -291.33276, 689.71783]
[677.61719, 426.65594;
 2141.3452, 490.465;
 3232.9553, 1067.5155;
 -290.40967, 689.83032]
[677.97552, 426.6402;
 2142.2932, 490.43597;
 3234.7017, 1067.4664;
 -290.2319, 689.81757]
[678.21265, 426.69464;
 2142.9561, 490.36115;
 3235.0842, 1067.3636;
 -290.61841, 689.99707]
[678.6571, 426.99152;
 2143.092, 490.37448;
 3234.9048, 1067.309;
 -290.02576, 690.56366]
[678.87579, 427.12036;
 2143.5725, 490.38718;
 3235.9832, 1067.2692;
 -289.74866, 690.78882]
[679.284, 427.32687;
 2144.1948, 490.27698;
 3236.9546, 1066.8232;
 -289.37286, 691.14758]
[679.47809, 427.3822;
 2144.2227, 490.4509;
 3236.6431, 1067.2037;
 -289.194, 691.19275]
[679.65637, 427.7587;
 2144.5696, 490.67538;
 3236.9941, 1067.0795;
 -289.19611, 691.53442]
[680.0238, 428.17365;
 2144.9165, 490.88684;
 3237.7634, 1067.4211;
 -288.55865, 692.24725]
[680.19434, 428.44125;
 2145.0103, 491.13846;
 3237.967, 1067.4722;
 -288.24042, 692.41669]
[680.32727, 428.70554;
 2145.1973, 491.49515;
 3238.2549, 1067.9653;
 -288.10315, 692.65887]
[680.28979, 428.96457;
 2145.1667, 491.84204;
 3238.1399, 1068.4844;
 -288.19983, 692.9209]
[680.27722, 429.06064;
 2145.1467, 491.87704;
 3238.062, 1068.0199;
 -288.23981, 692.79541]
[680.19354, 429.19833;
 2145.0271, 492.09485;
 3237.7434, 1068.3253;
 -288.39972, 692.8963]
[680.26233, 429.35876;
 2145.0339, 492.08066;
 3237.7351, 1068.2467;
 -288.27307, 693.21021]
[680.28284, 429.49637;
 2145.0298, 492.18616;
 3237.7444, 1068.4788;
 -288.2225, 693.4552]
[680.28619, 429.57495;
 2145.0344, 492.18488;
 3237.7646, 1068.4342;
 -288.21301, 693.59583]
[680.33215, 429.57886;
 2145.0166, 492.1825;
 3237.6814, 1068.4252;
 -288.13263, 693.60303]
[680.3175, 429.5332;
 2145.1736, 492.17065;
 3237.8987, 1068.2909;
 -288.29654, 693.45026]
[680.45129, 429.47433;
 2145.3318, 491.93076;
 3238.2981, 1067.6975;
 -288.05264, 693.38513]
[680.42365, 429.47562;
 2145.6187, 491.63535;
 3238.8862, 1067.0692;
 -288.25061, 693.51831]
[680.55743, 429.37994;
 2145.6179, 491.45367;
 3238.7971, 1066.9076;
 -288.02505, 693.52765]
[680.74408, 429.13324;
 2145.7344, 491.57208;
 3238.7131, 1067.6859;
 -287.87552, 693.26331]
[680.86603, 429.09344;
 2145.563, 491.35303;
 3238.3276, 1067.1417;
 -287.55719, 693.23163]
[671.01422, 431.66202;
 2136.271, 485.9957;
 3253.2803, 1074.3398;
 -327.93106, 704.27155]
