[145, 700;
 201, 606;
 315, 536;
 473, 440;
 539, 410;
 592, 390;
 28, 464]
[149.68591, 698.41943;
 206.97392, 605.49689;
 319.26212, 533.83405;
 476.52286, 440.00256;
 542.59436, 410.397;
 598.33142, 390.29602;
 29.719326, 463.51978]
[152.79382, 699.30719;
 212.7187, 605.22119;
 323.05826, 529.80475;
 480.52362, 440.00177;
 546.25507, 411.01318;
 600.56049, 390.83826;
 31.48457, 463.02771]
[160, 695;
 226, 605;
 328.57709, 527.61719;
 484.59995, 439.63937;
 550.64557, 412.06549;
 603.89722, 390.47748;
 33.315979, 462.30902]
[173, 696;
 233.5495, 604.42188;
 335.63879, 526.8913;
 488.46802, 439.08682;
 554.40277, 411.74365;
 606.50922, 389.28522;
 35.091782, 461.81329]
[182.69791, 697.41473;
 239.06232, 602.80646;
 343.51086, 525.1629;
 493.23569, 438.77332;
 558.5752, 411.34476;
 611.3916, 388.62427;
 38.027939, 461.31525]
[192, 692;
 252, 602;
 355.21393, 522.79541;
 497.87634, 437.89847;
 562.67181, 411.15659;
 609, 385;
 40.27317, 460.55606]
[202.81909, 693.18207;
 260.26562, 601.07996;
 362.8447, 522.17554;
 500.58508, 437.89246;
 567.43048, 411.91068;
 615.23242, 384.57175;
 42.248535, 459.50641]
[213.80322, 691.51331;
 270.54935, 599.90497;
 372.35175, 521.13708;
 505.30313, 437.3959;
 571.67767, 411.27942;
 620.05396, 384.66281;
 44.79855, 458.36176]
[224.93433, 691.28925;
 283.75723, 598.5307;
 379.0051, 522.23737;
 509.70834, 436.49261;
 575.91022, 411.67984;
 625.42273, 385.37561;
 47.501705, 457.48151]
[234.55336, 690.63635;
 292.39691, 598.82129;
 390.50357, 523.35077;
 514.45154, 435.67557;
 580.39453, 411.53226;
 630.28387, 384.66843;
 49.91291, 456.17545]
[244.04408, 690.6037;
 294, 599;
 397.09476, 523.29541;
 518.61719, 435.46848;
 585.25165, 412.05811;
 634.99518, 383.97702;
 53.305168, 454.92728]
[251.91451, 690.40552;
 301.80008, 597.65839;
 403.97736, 523.62439;
 523.25793, 434.75583;
 589.65509, 411.34116;
 638.58337, 383.3277;
 56.493351, 453.70941]
[261.01862, 689.6344;
 312.73975, 594.77454;
 405.02206, 525.68475;
 527.07788, 434.12677;
 593.74554, 410.53137;
 643.09918, 383.16916;
 58.970631, 452.67255]
[279, 690;
 320.8139, 592.33185;
 408.35788, 526.01343;
 535, 429;
 598.69635, 409.43277;
 647.21832, 382.79227;
 62.231663, 451.66968]
[287.09512, 693.34656;
 329.74072, 591.57397;
 422, 524;
 538.90491, 428.88983;
 601.24121, 408.95657;
 651.57416, 382.68469;
 64.359558, 451.19263]
[303, 691;
 337.26901, 588.62354;
 433.79974, 522.71503;
 543.91107, 428.01379;
 605.74506, 408.51529;
 655.23206, 382.51691;
 67.773636, 449.91824]
[312, 691;
 342.48309, 585.54144;
 439.74783, 521.97174;
 552.06927, 428.7821;
 611.49738, 407.77682;
 658.46234, 381.8992;
 69.744492, 449.17114]
[323, 684;
 346.92212, 584.70233;
 444.47729, 521.65045;
 556.20361, 428.01257;
 615.58771, 407.1019;
 662.44824, 381.4201;
 71.742584, 448.54089]
[377.8649, 671.5802;
 353.99228, 584.96844;
 451.70779, 520.92889;
 560.755, 428.17139;
 618.56281, 407.31436;
 666.0368, 380.75308;
 74.310806, 447.65512]
[338, 682;
 361.5054, 585.97894;
 456.82111, 514.89917;
 566.00592, 427.7616;
 622.40588, 407.37769;
 670.68994, 381.02686;
 75.968819, 446.9393]
[343, 682;
 368.1322, 586.50262;
 466, 515;
 570.13074, 428.45386;
 628, 401;
 673.57642, 380.96964;
 76.678352, 446.69662]
[361, 679;
 377.01944, 587.37994;
 471.37717, 514.89246;
 574.62573, 428.56561;
 631.51172, 400.52106;
 676.42798, 380.5192;
 78.03933, 446.28339]
[358.30734, 680.09235;
 384.94962, 588.78448;
 476.37512, 515.2757;
 577.48212, 428.92007;
 634.83795, 400.31595;
 678.84436, 380.05853;
 79.067749, 446.30771]
[372, 679;
 391.76816, 589.79877;
 481.17368, 515.35181;
 580.58459, 429.05847;
 638.07568, 400.08362;
 680.16107, 379.21234;
 79.740585, 446.10907]
[382.74667, 678.8009;
 397.33609, 590.51471;
 487.09894, 515.59973;
 583.58746, 429.22849;
 641.36011, 400.20779;
 680.63153, 378.82098;
 80.238068, 446.36426]
[393.00476, 679.35724;
 403.11227, 590.97858;
 492.34671, 516.43738;
 586.25922, 429.34317;
 644.48187, 400.00955;
 684.37482, 378.38873;
 80.753708, 446.38669]
[404, 685;
 407, 596;
 494, 515;
 593, 429;
 646.95209, 399.13721;
 699, 380;
 82.522743, 446.24927]
[411.80984, 685.74048;
 409.55963, 596.28882;
 500.59683, 516.21008;
 593.02545, 430.07675;
 649.73016, 400.12418;
 700.82056, 380.59314;
 82.596298, 446.52286]
[428.94098, 688.87665;
 415.82855, 594.10114;
 510.6716, 519.25763;
 600, 427;
 653.26471, 401.84897;
 711.57874, 377.45877;
 82.689102, 447.30203]
[436.4194, 689.2207;
 419.59412, 592.29785;
 514.74792, 519.55511;
 601.43005, 427.15918;
 656.39874, 402.3176;
 711.83459, 377.92474;
 84.478569, 447.78928]
[443.55832, 689.63428;
 424.20798, 591.78998;
 519.05933, 520.06055;
 603.20581, 427.41135;
 658.82385, 402.82596;
 711.88104, 378.44373;
 84.014366, 448.32602]
[450.32278, 688.3446;
 429.0083, 592.6524;
 523.32422, 520.74097;
 604.98657, 428.37231;
 662.28955, 403.59973;
 711.12439, 378.71957;
 83.545586, 448.79181]
[456.91821, 689.37146;
 433.62009, 593.47784;
 527.03198, 521.29718;
 606.43109, 429.92773;
 664.04065, 404.10425;
 710.89404, 379.37595;
 82.554886, 449.14642]
[462.35254, 689.79517;
 439.17474, 593.93665;
 530.62329, 521.72968;
 609.02252, 431.61273;
 665.35284, 404.56601;
 718.21875, 379.68253;
 81.924034, 449.87354]
[466.35425, 684.83295;
 444.19113, 594.2323;
 534.22473, 521.05267;
 611.68073, 433.86166;
 668.30267, 405.7265;
 718.08545, 381.20938;
 81.779175, 449.9761]
[477, 685;
 450.34958, 594.81989;
 534.98267, 519.39447;
 613.39496, 434.86646;
 668.85004, 407.43698;
 722.47534, 382.6084;
 80.272285, 450.71262]
[479, 684;
 461, 600;
 539, 529;
 616.47766, 437.00565;
 669.94019, 408.58713;
 714.27478, 378.30087;
 79.58123, 451.21722]
[486.1571, 684.67969;
 465.08939, 602.99817;
 539.50623, 529.01013;
 617.69183, 437.64429;
 673.74316, 410.59686;
 715.4613, 379.46729;
 78.118973, 451.95367]
[493.75256, 684.84985;
 469.92331, 605.88879;
 540.08868, 525.50793;
 619.83966, 439.0701;
 675.69757, 412.39926;
 715.46039, 381.13037;
 76.887444, 452.7244]
[501.19382, 685.22766;
 472.96661, 609.43567;
 542.44861, 524.96466;
 621.60773, 441.2431;
 683.29089, 414.44022;
 717.26788, 382.0723;
 75.15078, 453.50424]
[508.95276, 686.49341;
 480, 603;
 547.61548, 525.96228;
 622.4986, 442.67374;
 683.86981, 414.72827;
 717.59351, 383.38101;
 74.587769, 454.30426]
[516.71155, 688.46735;
 485.77142, 603.83069;
 551.27185, 527.25806;
 624.89703, 444.76913;
 685.16498, 415.98111;
 718.42261, 385.21164;
 73.105072, 455.32401]
[522.97961, 689.84204;
 489.65936, 603.17523;
 555.83508, 527.64038;
 625.21893, 445.84528;
 683, 411;
 717.66632, 386.90756;
 71.349937, 456.3172]
[529.0564, 689.88306;
 494.16644, 603.81097;
 559.78784, 529.4668;
 625.64508, 447.57071;
 683.91638, 412.34903;
 719.1582, 386.79504;
 69.869949, 456.98889]
[535.57123, 690.70435;
 498.29865, 604.71637;
 564.21454, 531.43323;
 626.03937, 448.18213;
 684.90405, 414.21902;
 733, 395;
 68.391724, 458.0134]
[542.65509, 691.27173;
 501.47256, 605.68182;
 566.70013, 532.62158;
 626.20355, 449.79245;
 686.4126, 417.04434;
 734.8833, 396.7215;
 66.396172, 458.90524]
[550.11957, 691.2337;
 505.03574, 605.89795;
 570.495, 534.06451;
 623, 445;
 687.34161, 418.94446;
 736.14899, 398.22867;
 63.779881, 459.87305]
[550.66632, 682.11536;
 509.68924, 603.68774;
 574.07562, 536.05756;
 623.78552, 445.43579;
 688.2005, 421.50256;
 736.80499, 400.71085;
 62.294247, 460.87207]
[555.83301, 680.66357;
 512.04028, 607.85687;
 574.13373, 540.07227;
 623.98523, 446.42178;
 689.28949, 422.83118;
 737.62946, 402.49005;
 60.286896, 461.96738]
[562.29102, 679.65283;
 515.88818, 608.40045;
 578.04242, 541.89471;
 625.81171, 447.02832;
 689.81781, 425.52319;
 738.62958, 404.36212;
 58.536694, 462.98279]
[574, 689;
 519.58728, 610.42761;
 587, 544;
 627.12274, 448.82071;
 690.0224, 427.41962;
 738.86267, 405.97369;
 56.503899, 464.24872]
[580.58899, 690.84375;
 523.0556, 614.22614;
 591.69373, 546.11536;
 627.85876, 450.17804;
 690.49719, 428.82938;
 739.26398, 407.38199;
 55.113827, 465.561]
[588, 691;
 526.27258, 615.78925;
 595.15973, 546.83063;
 630.25977, 450.93445;
 690.72302, 430.20941;
 739.77545, 408.66943;
 54.120373, 466.82773]
[594.84888, 694.45154;
 529.74335, 618.84198;
 598.71906, 547.43475;
 631.75366, 452.52997;
 692.45496, 432.00537;
 740.8432, 410.4938;
 53.14106, 467.83527]
[602.28351, 697.83417;
 533.24371, 619.69672;
 601.25623, 549.26068;
 634.79419, 454.36887;
 692.65613, 433.31711;
 741.75067, 411.86636;
 52.666729, 469.59601]
[609.28442, 699.66583;
 536.5213, 620.10638;
 605.14191, 551.39191;
 637.22418, 454.81949;
 694.28558, 435.28952;
 743.22632, 413.49191;
 51.66526, 470.59592]
[616.37628, 703.10339;
 539.06177, 621.53491;
 605.95905, 555.29498;
 640.20905, 456.8783;
 695.75525, 436.79849;
 744.65454, 414.68259;
 51.218887, 471.58066]
[622.5744, 704.91687;
 541.58667, 623.54877;
 609, 547;
 643.68793, 459.42154;
 694.98523, 437.75775;
 745.31885, 416.7767;
 50.466118, 472.92148]
[629.79883, 708.24725;
 543.1275, 624.98151;
 611.37164, 548.65955;
 646.12018, 460.12369;
 695.95282, 438.30939;
 745.38818, 417.84839;
 49.432796, 474.37369]
[640.91125, 711.04749;
 548.61963, 628.77789;
 618.85211, 553.80243;
 651.19647, 463.42584;
 698.68842, 440.57816;
 738.66852, 423.35229;
 50.429588, 476.30081]
[647.31854, 712.09167;
 550.18066, 629.12317;
 622.76837, 555.56873;
 653.89978, 465.40759;
 699.33044, 440.9425;
 737.5885, 423.80005;
 49.641811, 477.04266]
[651.66364, 711.53619;
 551.72192, 630.03534;
 626.96619, 556.672;
 656.19507, 466.8671;
 701.45374, 441.38147;
 736.56683, 424.67075;
 49.160503, 478.05573]
[655.64111, 711.12909;
 553.29492, 631.70349;
 631.1087, 557.94586;
 658.28912, 468.55457;
 709, 443;
 735.04041, 425.44638;
 48.960285, 479.05511]
[659, 708;
 554.22192, 633.75586;
 634.4093, 558.60577;
 658.92786, 469.31598;
 712.85352, 444.30963;
 733.26636, 424.25342;
 48.460217, 480.02963]
[662.95197, 708.54956;
 555.32965, 634.85931;
 637.60187, 560.24976;
 662.68994, 469.69189;
 713.03925, 444.07928;
 732.65326, 423.90027;
 48.461864, 481.02545]
[666, 710;
 557.3147, 636.50024;
 641, 557;
 663.90222, 470.31863;
 716.70068, 446.21295;
 729.41394, 423.59564;
 47.938164, 481.91559]
[669.04297, 710.93646;
 557.46759, 636.93835;
 644.93201, 557.67139;
 664.04346, 469.87067;
 718.43109, 447.49573;
 728.89813, 424.04727;
 47.164822, 482.90588]
[670.77716, 710.97583;
 558.24377, 638.3302;
 647.39056, 557.91968;
 664.84796, 470.05957;
 720.55725, 447.42023;
 751, 424;
 47.164516, 482.90567]
[673.31921, 711.10907;
 558.86304, 638.93195;
 651.40649, 558.95264;
 666.24866, 470.75497;
 720.82861, 447.49277;
 770.04358, 427.44159;
 46.658619, 483.65985]
[676.4198, 713.29193;
 558.89801, 639.48254;
 655.43805, 559.67041;
 666.96863, 470.98206;
 720.41083, 448.04779;
 780, 429;
 46.531635, 485.00555]
[678.34949, 714.55823;
 559.1062, 639.44965;
 658.47864, 560.78052;
 668.07501, 471.24622;
 720.7392, 448.25513;
 782.32336, 430.36511;
 46.118908, 485.74988]
[679.20203, 715.50745;
 559.328, 638.23987;
 662.37384, 561.26086;
 669.0434, 471.23569;
 722.88342, 448.31934;
 782.29443, 430.71649;
 45.523983, 486.44452]
[679.88202, 716.94019;
 559.44183, 637.52466;
 665.62158, 561.22791;
 670.14062, 472.10513;
 724.96191, 448.23752;
 784.1319, 431.63489;
 45.322384, 486.41425]
[680.93695, 718.75751;
 559.94287, 637.84271;
 668.36023, 561.54791;
 671.08929, 473.12076;
 724.29181, 448.77414;
 783.47308, 432.47137;
 44.29195, 487.1048]
[680.76428, 719.5694;
 559.81195, 637.73169;
 671.73883, 562.31201;
 672.34253, 473.88263;
 727.61371, 449.37125;
 794, 432;
 43.532959, 487.87836]
[677.37579, 720.33801;
 559.53528, 637.96783;
 675.03546, 562.34821;
 672.69635, 475.98315;
 729.28564, 450.10324;
 792.25562, 432.62689;
 42.536316, 488.33948]
[667.82416, 720.11755;
 559.60065, 637.89996;
 678.0531, 562.19037;
 674.40454, 477.54181;
 730.67572, 450.79407;
 792.85663, 433.58441;
 42.559837, 488.34967]
[673, 731;
 559.99139, 637.42249;
 681.23108, 562.52094;
 674.76025, 479.5018;
 730.742, 451.83777;
 794.66022, 434.20294;
 42.115669, 488.99139]
[677, 728;
 559.45306, 636.92133;
 684.47955, 563.04016;
 675.25946, 481.04785;
 731.49139, 451.89328;
 797.07001, 435.01337;
 41.126575, 489.49878]
[672, 727;
 559.4527, 636.92334;
 687.05835, 564.21619;
 675.90033, 481.78714;
 732.38922, 452.13791;
 798.62146, 435.66058;
 41.125942, 489.49771]
[677, 730;
 559.23761, 637.5069;
 689.37878, 565.26508;
 676.56744, 482.8212;
 733.1499, 452.85788;
 800.18427, 436.21744;
 39.785763, 490.48419]
[676.69116, 729.15234;
 558.59106, 636.87048;
 692.32605, 566.05286;
 676.63361, 483.74091;
 733.72394, 452.83652;
 802.54132, 437.14456;
 39.034245, 490.52118]
[676.97754, 729.19495;
 558.21576, 637.06995;
 692.40338, 566.98065;
 676.70667, 486.05496;
 733.71149, 453.37332;
 804.91223, 438.12637;
 38.247414, 491.25259]
[678.68634, 727.54761;
 558.08533, 637.20923;
 694.06061, 568.20477;
 676.77307, 487.15656;
 733.25134, 453.52289;
 807.16681, 440.33896;
 37.280807, 492.06006]
[681.53741, 724.18274;
 558.21722, 637.23523;
 694.854, 569.80591;
 676.51453, 487.64594;
 731.67523, 454.13232;
 807.43079, 441.07559;
 37.28051, 492.05963]
[682.9856, 720.52057;
 557.85303, 638.03619;
 694.81287, 570.54315;
 676.06396, 488.30148;
 730.83844, 454.58032;
 808.24017, 442.1521;
 36.649796, 492.21033]
[684.68823, 718.68054;
 558.43665, 638.54968;
 694.81946, 571.79651;
 676.81964, 488.37228;
 730.83362, 455.33661;
 808.9502, 442.17432;
 35.931965, 492.76556]
[685.01343, 716.66284;
 558.33478, 638.2392;
 693.99402, 572.89673;
 676.12372, 488.83051;
 728.89282, 455.33231;
 811.27411, 443.45123;
 34.683418, 492.80029]
[689.07471, 714.75934;
 557.94415, 638.37903;
 694.66394, 575.00116;
 677.79071, 489.45529;
 727.17426, 456.33572;
 812.73578, 445.0574;
 32.917343, 493.07431]
[691.58301, 715.06866;
 558.7533, 638.56232;
 694.22852, 574.94983;
 678.53992, 489.25122;
 726.45673, 455.39291;
 813.48608, 445.17267;
 33.085262, 493.40097]
[693.22192, 717.7558;
 559.77893, 638.06451;
 693.87244, 574.67682;
 679.37201, 489.57825;
 725.54132, 455.40576;
 814.5321, 445.34192;
 33.085342, 493.4024]
[695.09235, 717.427;
 560.7085, 638.16199;
 693.77423, 574.99548;
 680.36395, 489.80612;
 725.09875, 455.65393;
 814.38251, 446.49835;
 32.180752, 493.44122]
[696.06451, 718.09442;
 561.69659, 638.1615;
 693.02661, 575.64331;
 681.71075, 490.12827;
 724.38354, 456.41745;
 815.11444, 446.76913;
 31.468065, 493.41495]
[707, 720;
 562.85541, 638.13763;
 690.24377, 576.39282;
 682.96149, 491.0553;
 722.08557, 456.25464;
 816.6156, 447.17862;
 30.461876, 493.39984]
[708.95343, 721.05194;
 561, 641;
 689.15216, 576.05182;
 684.19189, 491.44324;
 721.37823, 456.56894;
 817.1283, 447.21088;
 29.637749, 493.4545]
[710.61169, 721.63525;
 561.51904, 640.84448;
 689.27869, 575.6825;
 684.98181, 492.24924;
 721.15552, 457.12265;
 818.37665, 447.89844;
 29.639107, 493.45517]
[711.90643, 722.25415;
 563.35028, 640.95435;
 686.84424, 575.29321;
 686.19934, 492.63708;
 720.42249, 457.61365;
 822, 445;
 29.63855, 493.45471]
[712.29462, 721.81445;
 564.29871, 641.58087;
 687.39679, 575.26398;
 688.73785, 494.26694;
 719.19055, 458.13879;
 822.42792, 445.55328;
 28.674435, 493.44995]
[713.58142, 721.98816;
 564.69336, 641.1333;
 686.74872, 574.00537;
 689.17645, 494.76868;
 718.34955, 458.60712;
 822.66895, 444.79355;
 27.83124, 494.0217]
[713.67456, 722.04517;
 564.92206, 641.51953;
 686.2226, 573.71844;
 690.49927, 495.06339;
 718.22327, 458.98416;
 822.67035, 444.79272;
 26.337952, 494.27417]
[714.03485, 721.5058;
 566.10596, 641.80298;
 685.24615, 572.74908;
 692.22467, 495.79855;
 717.53198, 459.3555;
 819.96423, 441.25586;
 26.310797, 494.27457]
[715.10498, 720.7226;
 566.66925, 641.98621;
 684.94971, 572.76343;
 693.15436, 496.48425;
 717.13354, 459.38815;
 819.9649, 441.25705;
 26.311241, 494.27429]
[715.25787, 720.29095;
 566.7146, 642.32788;
 683.59546, 573.87427;
 694.63599, 496.75299;
 716.42181, 459.61667;
 819.54272, 440.90591;
 25.00655, 494.28308]
[715.43439, 718.7243;
 566.716, 642.33667;
 682.29602, 573.81598;
 694.63599, 496.75299;
 716.42181, 459.61667;
 819.54596, 440.90741;
 25.006451, 494.28314]
[715.00153, 717.80304;
 567.67383, 642.56757;
 680.29376, 574.01312;
 695.96863, 497.06979;
 716.41248, 460.09723;
 819.49585, 441.14703;
 25.006308, 494.28281]
[714.77563, 717.05273;
 567.19299, 644.21216;
 680.27051, 574.06952;
 695.96869, 497.06973;
 716.41248, 460.09723;
 819.46704, 441.28833;
 25.006395, 494.28317]
[714.54346, 712.33948;
 567.24854, 645.24506;
 679.77332, 574.09583;
 697.93842, 497.66617;
 715.60114, 461.43738;
 819.79431, 441.03101;
 24.51194, 494.28003]
[714.82227, 710.30804;
 567.63416, 646.04755;
 679.65594, 574.31158;
 698.98724, 497.194;
 715.25238, 461.45404;
 819.7926, 441.03162;
 23.732428, 494.2851]
[714.77954, 708.49286;
 568.12494, 646.32501;
 677.99762, 573.01154;
 698.9873, 497.19388;
 715.25232, 461.45392;
 819.32513, 441.1329;
 23.733381, 493.76611]
[715.98468, 708.38818;
 569.28815, 646.26202;
 677.81659, 573.14026;
 700.5058, 496.74228;
 711.96332, 460.66885;
 818.79657, 440.44037;
 23.240175, 492.76605]
[716.11176, 705.87354;
 571.13806, 646.61566;
 678.02209, 571.84271;
 701.4743, 495.90216;
 711.97601, 459.91479;
 818.63788, 440.49591;
 22.72559, 492.05246]
[716.31842, 704.26501;
 571.84003, 647.0827;
 678.00861, 570.56042;
 702.63391, 494.99942;
 712.28827, 459.22137;
 818.38873, 439.70871;
 22.725643, 492.05215]
[716.79254, 703.04535;
 571.43054, 646.08301;
 678.28241, 570.31555;
 703.59692, 494.96454;
 712.12177, 458.81656;
 818.3808, 438.96936;
 22.689907, 491.30457]
[717.48578, 702.02411;
 570.31433, 645.67633;
 678.64557, 568.03088;
 704.77411, 493.68542;
 711.97314, 457.81247;
 818.37201, 437.80762;
 22.956846, 490.14664]
[719.7666, 701.53735;
 570.69183, 644.49823;
 678.63281, 567.02448;
 705.00275, 493.00601;
 711.57416, 456.39212;
 815.60449, 437.03012;
 23.435305, 489.1445]
[720.25665, 700.13464;
 570.48175, 642.51349;
 678.61432, 566.11609;
 706.34747, 491.95233;
 711.33368, 455.89005;
 815.11334, 436.05246;
 24.638948, 487.88385]
[721.30267, 698.93896;
 570.17853, 639.65082;
 678.98499, 562.99994;
 707.38501, 490.49652;
 710.87976, 454.16837;
 813.45691, 434.39316;
 24.646196, 486.41339]
[721.57001, 697.51447;
 569.03418, 636.77991;
 678.96307, 561.49689;
 707.39532, 488.75632;
 710.88947, 452.43921;
 813.08142, 432.48663;
 25.030895, 485.1366]
[723.35431, 696.56055;
 569.08136, 632.72522;
 680.24561, 558.17413;
 709.48462, 486.02893;
 710.14789, 449.38779;
 809.97235, 428.95801;
 24.776323, 482.15649]
[722.87653, 694.81024;
 569.02087, 631.03784;
 680.32513, 556.93512;
 709.37573, 483.91672;
 709.87738, 447.14444;
 809.10571, 426.81293;
 24.785864, 480.17511]
[722.78351, 693.30566;
 567.90613, 627.21027;
 680.97504, 553.82245;
 709.83557, 482.34048;
 709.88007, 445.38644;
 808.34247, 424.75989;
 24.101326, 477.89655]
[721.68347, 692.13007;
 567.28113, 624.74097;
 680.48096, 551.86322;
 709.58966, 480.07559;
 709.15735, 443.41299;
 804.70667, 424.06345;
 24.075706, 476.18381]
[721.10895, 690.45746;
 566.72919, 622.4743;
 680.60883, 549.32166;
 709.71069, 478.41647;
 708.98053, 442.12671;
 803.80084, 421.69443;
 24.491173, 473.41776]
[718.54895, 688.38135;
 566.0528, 619.03912;
 679.82788, 546.92084;
 708.95386, 476.03635;
 708.44653, 439.41745;
 801.57544, 418.65314;
 23.46347, 471.6423]
[717.58704, 686.96277;
 565.92755, 616.90289;
 679.08563, 544.30615;
 708.33691, 473.17258;
 707.54755, 436.95605;
 796.59827, 417.83701;
 22.219284, 469.1759]
[716.08044, 684.80157;
 564.98993, 614.54169;
 678.56714, 541.74988;
 707.82404, 470.64325;
 707.27374, 434.67615;
 793.86237, 416.21603;
 21.930864, 466.42017]
[714.01477, 684.86206;
 564.50177, 611.98669;
 677.59839, 540.01343;
 707.09363, 468.67767;
 706.51788, 432.76044;
 789.69855, 412.32693;
 20.186375, 464.18063]
[711.64691, 680.74445;
 564.08478, 606.50275;
 676.68518, 537.72455;
 706.27509, 467.44479;
 705.85468, 429.30084;
 786.12756, 409.62323;
 20.158813, 461.41391]
[709.37695, 680.90668;
 563.58893, 605.54132;
 675.40771, 535.04846;
 705.0343, 464.68677;
 704.59283, 426.5661;
 781.60406, 406.67697;
 18.975094, 458.75687]
[707.65363, 678.91895;
 561.94519, 602.95392;
 673.71533, 533.02893;
 704.19812, 462.73413;
 702.67004, 424.09546;
 778.32294, 403.96384;
 17.079041, 456.45056]
[704.70312, 676.39258;
 560.3515, 600.28064;
 671.46429, 531.14294;
 702.49939, 460.55057;
 700.96552, 421.97049;
 775.53619, 401.31143;
 15.079072, 454.00943]
[703.23035, 675.42389;
 558.58423, 597.96899;
 669.91296, 528.60645;
 700.98047, 458.03204;
 699.42017, 419.46692;
 772.99908, 398.51016;
 13.305131, 451.73672]
[700.68719, 674.24738;
 556.46509, 595.3985;
 666.36823, 526.16101;
 700.0647, 456.81363;
 697.49628, 417.05939;
 770.75739, 396.51889;
 10.993914, 449.72922]
[697.45325, 670.63812;
 554.60522, 592.39691;
 664.90594, 523.42047;
 698.64087, 455.17926;
 696.32037, 414.63922;
 766.43683, 394.5318;
 9.2474594, 446.99185]
[695.22162, 669.22559;
 552.51422, 589.98621;
 661.2453, 522.10889;
 697.64532, 453.19357;
 694.40637, 412.30426;
 761.73242, 394.5379;
 7.7808671, 445.14987]
[692.71649, 667.52032;
 551.04938, 587.21082;
 658.5462, 520.62073;
 694.72968, 450.70145;
 693.87738, 409.77795;
 758.73145, 393.80035;
 5.6914873, 442.65561]
[689.84418, 666.63599;
 549.45508, 584.14246;
 656.2854, 517.90784;
 693.24957, 448.7244;
 692.32123, 407.78467;
 755.02954, 393.79257;
 -0.83145237, 440.858]
[688.30322, 664.68652;
 547.9668, 581.40375;
 653.9303, 516.46716;
 690.81952, 447.22708;
 691.03998, 405.8403;
 752.41858, 393.69922;
 -3.4527502, 439.21219]
[685.39661, 663.18018;
 547.47894, 579.3999;
 651.66125, 513.9126;
 689.35901, 445.49908;
 689.41626, 404.2066;
 748.75763, 392.8837;
 -4.8274345, 437.66562]
[682.18481, 661.73187;
 547.36633, 577.40039;
 650.30609, 512.37634;
 687.13776, 443.81891;
 687.58636, 403.25232;
 746.62329, 391.48361;
 -4.8274345, 437.66562]
[678.69495, 659.62695;
 545.62238, 573.82733;
 647.22644, 510.19928;
 684.00604, 442.4346;
 686.82379, 401.52188;
 744.93164, 389.87244;
 -5.588192, 435.66083]
[674.9812, 657.52643;
 544.87701, 572.39917;
 646.51227, 508.82776;
 682.21802, 440.9953;
 685.27789, 400.40604;
 742.2439, 386.18512;
 -6.249835, 434.25644]
[672.16205, 654.72601;
 543.98889, 570.5163;
 645.4104, 507.10983;
 680.34668, 439.79901;
 684.00153, 398.91888;
 741.90057, 384.77899;
 -6.249835, 434.25644]
[668.62024, 652.57373;
 544.12659, 569.33862;
 642.85321, 505.58948;
 678.76447, 440.02539;
 683.25647, 397.76517;
 739.96423, 383.33313;
 -6.9695511, 432.65558]
[665.07007, 650.51288;
 544.08209, 568.19745;
 641.92139, 504.24152;
 674.9726, 437.45172;
 682.52277, 396.38861;
 736.04327, 382.42407;
 -6.9695511, 432.65558]
[657.6582, 652.51959;
 544.25366, 567.31836;
 640.63202, 503.29153;
 672.37714, 436.46603;
 681.17676, 394.9971;
 735.75, 381.87546;
 -6.9695511, 432.65558]
[644.38391, 647.02295;
 544.57062, 566.04706;
 639.79608, 501.88391;
 671.13574, 435.58417;
 679.94983, 393.89389;
 732.59473, 381.07788;
 -6.9695511, 432.65558]
[630.79535, 638.04626;
 546.28571, 564.67462;
 638.28259, 500.2728;
 665.87537, 433.84787;
 678.55548, 392.93326;
 730.56, 380.12347;
 -6.9695511, 432.65558]
[623.51904, 636.79474;
 547.36115, 564.34058;
 637.04999, 499.34756;
 663.95276, 433.1442;
 677.08704, 392.53961;
 726.24744, 380.08566;
 -6.9695511, 432.65558]
[650, 636;
 548.40698, 564.38531;
 636.81006, 498.95239;
 662.41083, 432.25793;
 677.02283, 392.44794;
 719.19312, 379.68518;
 -6.9695511, 432.65558]
[646.77332, 642.23798;
 549.0412, 563.61023;
 635.08545, 498.24451;
 659.89044, 431.26593;
 674.67871, 391.56277;
 721.27625, 380.16754;
 -6.9695511, 432.65558]
[644.17609, 639.43127;
 549.83807, 563.60931;
 635.29529, 498.26602;
 657.40759, 430.97098;
 674.94739, 390.32141;
 720.66138, 380.58524;
 -6.9695511, 432.65558]
[640.06274, 635.29913;
 550.09009, 563.4494;
 635.29474, 498.26526;
 655.58746, 430.22302;
 673.05322, 390.04446;
 718.19458, 382.12112;
 -6.9695511, 432.65558]
[634.86127, 632.10571;
 551.33545, 562.8963;
 634.96161, 497.84;
 653.80682, 430.40967;
 671.70081, 391.10303;
 716.47308, 383.63611;
 -6.9695511, 432.65558]
[630.41388, 630.01416;
 553.01508, 562.87744;
 634.96198, 497.83969;
 650.46332, 431.02768;
 670.67126, 392.42792;
 713.01282, 385.56689;
 -6.9695511, 432.65558]
[628.11249, 627.56445;
 553.37927, 563.56958;
 634.96179, 497.83957;
 649.20221, 431.08234;
 668.22937, 392.43063;
 711.50702, 385.58545;
 -6.9695511, 432.65558]
[622.51624, 626.03925;
 553.73151, 563.49451;
 635.01105, 497.43295;
 647.92816, 431.0918;
 666.31433, 392.85321;
 710.66998, 385.9093;
 -6.9695511, 432.65558]
[620.9021, 625.1825;
 555.94702, 563.50024;
 635.01111, 497.43326;
 646.35834, 430.67929;
 664.23529, 392.90955;
 710.07739, 385.5032;
 -6.9695511, 432.65558]
[614.97949, 630.27942;
 556.11414, 563.47107;
 635.23444, 497.12775;
 644.95099, 430.62494;
 662.47479, 392.98849;
 707.77673, 384.76978;
 -6.9695511, 432.65558]
[608.74579, 632.25513;
 557.16205, 563.54419;
 635.49487, 496.47791;
 643.47748, 431.23547;
 660.48889, 392.78021;
 706.00977, 384.37039;
 -6.9695511, 432.65558]
[605.43384, 632.16284;
 557.10925, 563.29041;
 635.22583, 496.4863;
 642.20984, 431.33273;
 658.23682, 393.28949;
 704.37738, 384.77411;
 -6.9695511, 432.65558]
[604.20575, 632.76886;
 557.59747, 563.2785;
 634.94922, 496.48392;
 640.50104, 431.7171;
 657.18182, 394.05682;
 700.66693, 385.3259;
 -6.9695511, 432.65558]
[602.37946, 632.34009;
 557.83826, 562.87854;
 634.26343, 496.06061;
 639.70276, 432.07486;
 655.85608, 393.8432;
 698.00378, 386.12122;
 -6.9695511, 432.65558]
[600.70422, 632.31726;
 557.68378, 562.17426;
 634.19464, 496.00317;
 638.44067, 432.20609;
 654.57788, 394.3606;
 695.00305, 387.72598;
 -6.9695511, 432.65558]
[598.7746, 632.08636;
 556.87421, 561.24762;
 633.77631, 495.98273;
 636.26416, 432.79126;
 653.95508, 395.84799;
 693.08087, 390.34515;
 -6.9695511, 432.65558]
[597.72717, 632.40149;
 556.80878, 560.7002;
 633.3266, 495.98517;
 634.50214, 432.78329;
 653.29114, 396.84818;
 692.22119, 390.84125;
 -6.9695511, 432.65558]
[596.13098, 630.9837;
 557.0863, 559.90204;
 633.21558, 496.28024;
 632.88428, 433.0694;
 652.71204, 397.28256;
 690.13806, 391.7164;
 -6.9695511, 432.65558]
[593.40698, 629.7901;
 557.13544, 559.25159;
 633.23633, 496.28201;
 631.51587, 432.73553;
 653.17303, 398.86835;
 687.60205, 392.63425;
 -6.9695511, 432.65558]
[591.41895, 629.58514;
 557.49664, 555.37427;
 633.23669, 496.66678;
 629.08612, 432.60489;
 652.63623, 398.82864;
 686.88324, 392.95065;
 -6.9695511, 432.65558]
[589.43927, 629.55414;
 557.28717, 554.30524;
 633.3689, 496.7598;
 627.198, 433.20694;
 651.82574, 398.91061;
 685.11169, 394.13718;
 -6.9695511, 432.65558]
[587.84216, 629.78021;
 557.09271, 553.44098;
 633.42676, 496.87323;
 625.42346, 433.28256;
 651.4408, 399.23087;
 683.94604, 394.13617;
 -6.9695511, 432.65558]
[586.93524, 630.19977;
 556.99268, 553.45239;
 633.79565, 497.46692;
 623.72321, 433.72034;
 650.21332, 399.73062;
 682.86407, 394.50894;
 -6.9695511, 432.65558]
[586.06055, 632.29047;
 557.07465, 552.99487;
 633.11041, 498.27472;
 622.20142, 434.32184;
 649.479, 400.45892;
 681.67578, 394.43167;
 -6.9695511, 432.65558]
[585.77832, 633.06848;
 557.78619, 552.96515;
 633.49146, 499.52533;
 620.68445, 434.11469;
 647.69019, 400.4631;
 681.3902, 392.08459;
 -6.9695511, 432.65558]
[586.29675, 635.37817;
 558.23895, 553.39923;
 633.95477, 499.5148;
 619.97101, 434.42175;
 647.13824, 400.4184;
 681.36151, 391.82135;
 -6.9695511, 432.65558]
[587.41736, 635.26025;
 559.73358, 553.11676;
 634.85004, 499.93918;
 619.84521, 434.45847;
 645.91809, 398.89273;
 680.57776, 392.4549;
 -6.9695511, 432.65558]
[589.04877, 635.4884;
 561.30219, 554.28943;
 635.16217, 500.58649;
 618.81989, 434.56131;
 644.72791, 399.98718;
 679.44409, 391.00241;
 -6.9695511, 432.65558]
[591.03235, 636.06531;
 563.27734, 554.52185;
 636.52734, 502.20953;
 618.70892, 434.82559;
 644.47284, 400.82974;
 679.42389, 390.1088;
 -6.9695511, 432.65558]
[593.84656, 633.97485;
 566.89996, 554.17273;
 638.39313, 502.95023;
 617.95862, 435.54288;
 643.67444, 402.16827;
 677.74744, 391.97009;
 -6.9695511, 432.65558]
[595.21271, 633.83661;
 568.974, 554.05426;
 640.02075, 503.35321;
 618.13849, 435.82266;
 644.17822, 401.84958;
 676.42548, 392.51617;
 -6.9695511, 432.65558]
[596.79315, 631.33179;
 571.8692, 554.34259;
 641.43298, 503.1076;
 618.0874, 436.38095;
 644.6452, 401.94049;
 676.25696, 393.59103;
 -6.9695511, 432.65558]
[605, 620;
 564, 554;
 635, 503;
 618.94238, 436.86041;
 646.14355, 400.77365;
 667, 391;
 -6.9695511, 432.65558]
[607.20819, 618.43945;
 566.27783, 553.78619;
 636.82648, 503.02927;
 619.63904, 437.28369;
 645.60382, 398.89774;
 666.44684, 390.36261;
 -6.9695511, 432.65558]
[610.45044, 617.00055;
 569.48987, 553.00146;
 639.24915, 502.689;
 621.40784, 438.12097;
 649.61444, 399.6604;
 665.62671, 392.99213;
 -6.9695511, 432.65558]
[612.83295, 614.16412;
 572.79596, 552.55695;
 641.6145, 502.76346;
 622.88043, 438.63058;
 650.00464, 400.15955;
 665.55487, 393.09619;
 -6.9695511, 432.65558]
[616.09448, 613.3338;
 576.62946, 551.68768;
 644.78693, 502.20749;
 624.22461, 438.75726;
 649.83234, 400.32565;
 664.43628, 392.8309;
 -6.9695511, 432.65558]
[617.86371, 603.40479;
 580.66064, 551.50903;
 647.59985, 501.69397;
 625.67902, 439.40756;
 650.27655, 401.22379;
 664.06171, 393.26846;
 -6.9695511, 432.65558]
[621.0694, 603.40088;
 585.42377, 550.99817;
 650.91284, 501.92868;
 629.05035, 439.47284;
 651.19696, 401.37109;
 665.8399, 393.9635;
 -6.9695511, 432.65558]
[624.6828, 611.36517;
 589.91882, 550.33923;
 654.20172, 501.45505;
 632.36755, 439.44446;
 650.52917, 402.52939;
 667.94586, 394.33325;
 -6.9695511, 432.65558]
[629.31146, 610.5047;
 594.6239, 550.56018;
 657.86713, 501.01984;
 635.60126, 439.83313;
 651.60052, 403.40918;
 669.42047, 395.05063;
 -6.9695511, 432.65558]
[632.47913, 611.30878;
 599.16846, 550.07227;
 661.83673, 500.45004;
 639.56323, 439.78503;
 654.27423, 402.64658;
 674.44421, 396.75586;
 -6.9695511, 432.65558]
[634.13318, 612.06744;
 603.98828, 549.50708;
 665.47113, 499.59729;
 643.22614, 440.116;
 654.73773, 401.36572;
 678.21918, 396.13632;
 -6.9695511, 432.65558]
[635.66949, 611.82489;
 609.27472, 549.40295;
 668.63806, 499.45773;
 646.72205, 440.16391;
 671, 411;
 676, 392;
 -6.9695511, 432.65558]
[635.34949, 612.31714;
 614.04285, 549.1322;
 672.4245, 498.86914;
 650.32312, 440.8736;
 674.34192, 412.12524;
 676.14697, 392.26196;
 -6.9695511, 432.65558]
[634.20551, 611.68353;
 619.85089, 548.36652;
 676.31262, 497.65994;
 653.80548, 440.91022;
 677.83972, 413.36304;
 678.56268, 395.80426;
 -6.9695511, 432.65558]
[633.22974, 613.34247;
 624.92969, 547.92438;
 680.25531, 497.8793;
 657.6535, 440.94287;
 680.3269, 413.79196;
 680.28137, 396.50107;
 -6.9695511, 432.65558]
[627.93402, 610.82837;
 630.13818, 547.00525;
 683.91077, 497.92233;
 660.03479, 441.96237;
 684.59802, 414.30176;
 681.82898, 396.37018;
 -6.9695511, 432.65558]
[628.24463, 608.05072;
 635.34387, 546.44238;
 687.89893, 497.61032;
 661.9668, 441.60086;
 689.099, 414.31329;
 685.56134, 396.38843;
 -6.9695511, 432.65558]
[628.58282, 606.39722;
 640.44824, 545.72388;
 691.88947, 497.32391;
 664.68646, 441.69711;
 692.84546, 414.5947;
 687.35297, 396.57181;
 -6.9695511, 432.65558]
[629.63831, 604.19043;
 645.65442, 544.2821;
 695.24103, 497.14941;
 667.1803, 440.48233;
 696.1861, 414.56702;
 688.20032, 397.68927;
 -6.9695511, 432.65558]
[623, 605;
 650.87646, 543.70142;
 699.0047, 496.76321;
 670.22772, 439.30698;
 699.28888, 414.53568;
 689.771, 399.45502;
 -6.9695511, 432.65558]
[624.27917, 601.92651;
 655.4801, 542.75281;
 702.69421, 496.08658;
 673.43109, 438.44;
 702.13849, 414.37366;
 691.22784, 399.96289;
 -6.9695511, 432.65558]
[624.69678, 601.0946;
 659.94672, 542.52228;
 706.50958, 495.51547;
 676.19049, 437.61395;
 706.34943, 414.25757;
 692.57764, 400.74753;
 -6.9695511, 432.65558]
[622.19415, 602.21777;
 665.04163, 541.33191;
 709.46356, 495.24747;
 679.35455, 438.22498;
 708.89514, 414.10614;
 693.46057, 402.03745;
 -6.9695511, 432.65558]
[623.15839, 601.31189;
 670.47833, 540.33777;
 713.49561, 494.28122;
 682.21838, 437.55933;
 711.94452, 413.38708;
 694.56744, 402.43753;
 -6.9695511, 432.65558]
[623.45526, 600.87494;
 674.86804, 540.10278;
 716.55359, 493.95596;
 684.89801, 436.66113;
 714.92285, 413.18201;
 696.28058, 403.1218;
 -6.9695511, 432.65558]
[623.73419, 600.94611;
 678.97552, 539.27271;
 719.51813, 492.92004;
 686.35785, 436.19836;
 716.7984, 407.87781;
 696.50525, 403.40536;
 -6.9695511, 432.65558]
[633, 601;
 687.84613, 537.7312;
 724.83057, 492.67825;
 689.00598, 435.35626;
 723.60248, 406.33432;
 699.43768, 402.43521;
 -6.9695511, 432.65558]
[633.61462, 600.37402;
 691.89062, 537.85175;
 727.61206, 493.23944;
 689.39392, 435.46024;
 728.05103, 408.80484;
 700.29712, 402.39569;
 -6.9695511, 432.65558]
[633.62329, 600.4527;
 695.11377, 538.02728;
 730.1778, 492.86862;
 689.45215, 435.85962;
 730.7337, 408.59866;
 700.61041, 401.63892;
 -6.9695511, 432.65558]
[635.76239, 599.81165;
 698.97626, 537.81506;
 732.92731, 492.70944;
 689.65002, 436.02371;
 731.76227, 408.3284;
 702.92493, 400.70212;
 -6.9695511, 432.65558]
[636.93762, 598.59381;
 703.41669, 537.8714;
 735.32367, 492.70847;
 689.54431, 436.56024;
 733.36597, 407.92218;
 703.61578, 401.22516;
 -6.9695511, 432.65558]
[638.75226, 597.59314;
 706.44995, 538.18414;
 738.30939, 492.48239;
 689.51178, 436.73688;
 737.58142, 407.14471;
 705.52271, 399.09567;
 -6.9695511, 432.65558]
[640.8894, 596.99939;
 710.75793, 537.77924;
 740.58081, 492.11957;
 688.91016, 437.07101;
 738.8573, 406.99042;
 706.69409, 398.21628;
 -6.9695511, 432.65558]
[643.28204, 596.76587;
 714.22314, 537.84778;
 742.8197, 492.12198;
 688.51984, 436.45502;
 740.56915, 407.25153;
 708.56744, 397.91388;
 -6.9695511, 432.65558]
[646.18671, 596.77887;
 718.50818, 538.14935;
 745.41486, 492.10904;
 688.6554, 436.52658;
 743.07721, 407.24084;
 709.25879, 398.70822;
 -6.9695511, 432.65558]
[647.95001, 596.62543;
 722.25073, 538.00623;
 747.06018, 491.54889;
 687.72571, 436.35931;
 745.55017, 406.82159;
 710.46838, 399.17209;
 -6.9695511, 432.65558]
[650.03101, 596.06409;
 725.45728, 538.17639;
 748.67279, 491.36136;
 687.81274, 435.59897;
 747.04974, 406.75964;
 710.98822, 398.93628;
 -6.9695511, 432.65558]
[652.66229, 595.38489;
 728.96667, 537.63135;
 749.67712, 489.67322;
 687.98907, 435.14645;
 749.59674, 407.21829;
 710.78717, 399.35248;
 -6.9695511, 432.65558]
[651.43353, 588.4743;
 733.06299, 537.51129;
 751.26135, 489.32968;
 687.6048, 434.46011;
 752.40472, 407.05627;
 711.49084, 399.97372;
 -6.9695511, 432.65558]
[652, 602;
 736.90735, 538.09546;
 751.86926, 487.90982;
 686, 434;
 753.59558, 407.72293;
 711.46613, 399.46582;
 -6.9695511, 432.65558]
[648.98541, 602.70953;
 740.76514, 537.44238;
 752.97968, 487.38022;
 686.6214, 432.60809;
 755.02161, 407.20215;
 711.54401, 398.23947;
 -6.9695511, 432.65558]
[647.03119, 601.74866;
 744.77509, 537.30414;
 754.04333, 485.95685;
 687.76837, 432.20074;
 757.33734, 407.19623;
 712.34924, 398.19339;
 -6.9695511, 432.65558]
[645.01233, 601.80322;
 748.08032, 536.32642;
 755.38104, 485.64127;
 687.62854, 430.42661;
 760.30664, 406.74252;
 711.80817, 398.32117;
 -6.9695511, 432.65558]
[646.1153, 601.93939;
 751.82208, 535.25452;
 756.72272, 484.99612;
 687.7627, 429.76242;
 761.14612, 406.94531;
 711.79382, 397.42361;
 -6.9695511, 432.65558]
[674, 584;
 755.05261, 534.44073;
 758.36987, 484.61761;
 688.03894, 428.00043;
 763.42444, 406.5166;
 710.84894, 397.548;
 -6.9695511, 432.65558]
[681, 576;
 759.07092, 533.66846;
 760.72571, 484.06598;
 688.58197, 427.30386;
 765.40051, 406.46021;
 710.81415, 397.3244;
 -6.9695511, 432.65558]
[684.51208, 575.63342;
 763.10388, 533.27856;
 762.776, 484.03162;
 688.60712, 426.83789;
 766.89105, 405.94308;
 711.80255, 396.99255;
 -6.9695511, 432.65558]
[686.4046, 576.09607;
 765.98315, 533.38055;
 764.84784, 484.24307;
 688.18048, 426.81223;
 768.9278, 406.12131;
 711.80273, 396.9928;
 -6.9695511, 432.65558]
[688.64966, 575.40594;
 770.11938, 532.60107;
 767.19501, 484.63626;
 688.15997, 426.71774;
 771.70728, 405.56039;
 714.04651, 396.67383;
 -6.9695511, 432.65558]
[689.01343, 574.99817;
 774.01825, 532.85394;
 769.11438, 484.48709;
 688.60468, 426.84714;
 774.33093, 405.71881;
 714.8811, 396.74948;
 -6.9695511, 432.65558]
[689.01056, 573.87335;
 779.02185, 533.14905;
 771.00153, 484.40518;
 688.33124, 427.16318;
 775.87903, 405.78006;
 716.84888, 396.914;
 -6.9695511, 432.65558]
[688.02856, 572.90173;
 783.49469, 532.98767;
 772.69141, 484.32886;
 688.31561, 427.71326;
 778.00507, 406.10391;
 716.71301, 396.96881;
 -6.9695511, 432.65558]
[686.39465, 572.5166;
 787.33777, 533.15344;
 773.44263, 482.99103;
 688.2854, 427.83365;
 781.01385, 406.15802;
 718.02142, 397.78342;
 -6.9695511, 432.65558]
[684.2666, 571.40192;
 792.0022, 533.46198;
 773.21472, 482.67044;
 688.57452, 427.39459;
 780.59637, 406.50259;
 713.47125, 398.07077;
 -6.9695511, 432.65558]
[681.75696, 569.23004;
 796.82458, 533.5401;
 773.21417, 481.98495;
 685.39801, 427.56952;
 781.21405, 406.50754;
 709.84058, 398.7027;
 -6.9695511, 432.65558]
[678.25854, 566.60626;
 801.72552, 534.22589;
 772.70026, 480.37778;
 685.61926, 427.35699;
 783.3515, 407.05457;
 706.62323, 399.71042;
 -6.9695511, 432.65558]
[673.67523, 562.36346;
 810.94275, 533.94141;
 771.09375, 478.3215;
 689.7348, 418.22839;
 784.19049, 406.90695;
 722.92444, 388.7515;
 -6.9695511, 432.65558]
[670.95398, 560.7124;
 815.75562, 533.62286;
 770.49951, 477.31058;
 690.12695, 417.18787;
 785.55066, 406.95911;
 723.31195, 388.97385;
 -6.9695511, 432.65558]
[667.81238, 559.78973;
 820.41681, 532.90179;
 770.40125, 476.62601;
 690.93604, 417.26559;
 786.22821, 406.82434;
 723.55194, 388.87732;
 -6.9695511, 432.65558]
[666.19275, 558.63531;
 823.83051, 532.67462;
 769.71967, 475.70316;
 691.79889, 417.14688;
 787.75024, 407.37946;
 723.6297, 389.23395;
 -6.9695511, 432.65558]
[665.77936, 558.41595;
 828.27588, 532.41614;
 769.13666, 475.15097;
 691.54077, 416.82584;
 789.17908, 407.52695;
 722.70331, 389.38638;
 -6.9695511, 432.65558]
[665.70544, 558.20221;
 831.93152, 532.42413;
 768.91473, 475.15115;
 691.46759, 416.82211;
 790.21698, 407.37244;
 722.63629, 389.72195;
 -6.9695511, 432.65558]
[666.19324, 557.53247;
 835.86871, 531.77881;
 768.4765, 475.23666;
 690.70734, 417.5228;
 790.2821, 407.40854;
 722.10254, 390.06058;
 -6.9695511, 432.65558]
[666.45715, 557.86957;
 839.70068, 530.66559;
 768.15552, 474.94769;
 690.24438, 418.61014;
 790.00854, 407.80432;
 721.66235, 390.38177;
 -6.9695511, 432.65558]
[666.34308, 557.77588;
 843.33911, 530.79089;
 767.1167, 474.89505;
 688.57819, 418.97534;
 790.70312, 408.86926;
 721.67334, 390.52301;
 -6.9695511, 432.65558]
[666.13934, 557.48572;
 847.41821, 530.47308;
 766.57227, 475.15527;
 687.6106, 420.11499;
 790.6839, 410.56226;
 721.73999, 391.0582;
 -6.9695511, 432.65558]
[666.18201, 556.88586;
 849.92487, 529.57733;
 764.78461, 475.31445;
 686.47992, 419.81494;
 790.03809, 411.20779;
 721.55579, 391.60532;
 -6.9695511, 432.65558]
[667.41815, 555.4646;
 853.19263, 529.74512;
 764.65546, 475.2402;
 684.59528, 420.41263;
 791.64374, 413.56967;
 721.55377, 391.60446;
 -6.9695511, 432.65558]
[667.18054, 554.9408;
 855.38947, 529.961;
 764.12018, 474.80496;
 683.00665, 421.39462;
 791.69043, 414.95065;
 721.21851, 392.19067;
 -6.9695511, 432.65558]
[669.58344, 551.03809;
 858.20978, 530.78711;
 763.23218, 474.14114;
 681.29291, 422.34836;
 791.37634, 415.40991;
 721.07288, 392.20145;
 -6.9695511, 432.65558]
[669.46442, 543.56244;
 860.49744, 530.85748;
 763.22253, 474.09744;
 678, 432;
 791.41479, 415.84232;
 722.59564, 391.79611;
 -6.9695511, 432.65558]
[666.8725, 545.69019;
 862.62622, 531.27283;
 762.99768, 473.5159;
 677.30304, 432.23721;
 790.05084, 416.32205;
 722.49091, 391.74045;
 -6.9695511, 432.65558]
[662.78851, 545.60382;
 865.16571, 531.52771;
 762.70398, 472.48993;
 675.29742, 433.2193;
 798, 419;
 722.81653, 391.97202;
 -6.9695511, 432.65558]
[658.27332, 541.41437;
 874, 528;
 762.44623, 472.70493;
 674.63367, 432.84451;
 797.58948, 419.79132;
 723.13361, 392.49442;
 -6.9695511, 432.65558]
[672, 543;
 875.57031, 527.71948;
 762.16254, 472.23965;
 673.57684, 432.4007;
 796.82031, 420.04932;
 723.63281, 392.89847;
 -6.9695511, 432.65558]
[668.58215, 543.65662;
 877.55371, 527.77563;
 762.30841, 471.78656;
 673.05072, 431.05508;
 796.42126, 420.58862;
 723.25696, 393.08115;
 -6.9695511, 432.65558]
[667.73236, 544.56006;
 879.54529, 528.39984;
 762.55237, 471.80817;
 672.38153, 429.01862;
 795.03632, 420.3533;
 723.11017, 393.29434;
 -6.9695511, 432.65558]
[665.66577, 545.42975;
 881.52234, 528.03271;
 762.04065, 472.07837;
 672.21674, 427.86691;
 794.5144, 420.65372;
 722.87537, 394.53275;
 -6.9695511, 432.65558]
[666, 541;
 883.35699, 528.04602;
 762.02942, 472.61899;
 670.63348, 427.17984;
 793.2196, 420.7262;
 720.95306, 394.43851;
 -6.9695511, 432.65558]
[665.40747, 541.38757;
 885.51276, 527.30096;
 761.70886, 472.42596;
 669.4071, 427.38455;
 792.87256, 420.57019;
 719.05823, 394.45984;
 -6.9695511, 432.65558]
[664.66956, 542.89728;
 887.66937, 525.28882;
 760.82977, 470.80304;
 667.56268, 426.69492;
 792.06683, 420.86606;
 717.91693, 395.52057;
 -6.9695511, 432.65558]
[663.31128, 545.54211;
 889.89441, 523.95746;
 760.36377, 470.75537;
 665.81769, 426.63562;
 791.35358, 420.836;
 717.40662, 395.75992;
 -6.9695511, 432.65558]
[661.72949, 547.17047;
 891.40112, 521.57056;
 760.51062, 470.03864;
 663.54254, 426.94742;
 790.72363, 420.64505;
 714.77448, 396.86078;
 -6.9695511, 432.65558]
[661.28198, 548.13745;
 892.85492, 520.68103;
 760.54968, 470.21213;
 661.38422, 427.73822;
 790.26379, 420.42358;
 713.39966, 397.9556;
 -6.9695511, 432.65558]
[659.35248, 549.38;
 895.18768, 518.57629;
 760.82465, 470.74191;
 658.68268, 428.65155;
 790.23663, 421.8367;
 712.12579, 398.21051;
 -6.9695511, 432.65558]
[658.05414, 549.01544;
 900.52747, 515.85632;
 761.4635, 469.94266;
 653.34863, 429.69778;
 789.35052, 427.33459;
 708.2525, 399.49896;
 -6.9695511, 432.65558]
[658.20447, 547.35168;
 902.99042, 515.42053;
 761.06689, 469.96921;
 652.23572, 430.02194;
 788.61572, 428.64719;
 707.32141, 399.70419;
 -6.9695511, 432.65558]
[657.82324, 545.99719;
 905.92126, 514.43604;
 760.42432, 469.86301;
 650.75421, 427.5491;
 788.42102, 429.28745;
 706.29651, 400.11734;
 -6.9695511, 432.65558]
[659.32434, 544.27692;
 908.62695, 513.20148;
 758.91217, 468.92697;
 650.56842, 431.78397;
 787.63812, 430.35458;
 706.36865, 400.46661;
 -6.9695511, 432.65558]
[661.71698, 541.84161;
 911.91071, 512.995;
 757.52191, 469.07977;
 648.047, 430.25717;
 786.62103, 431.52893;
 705.76306, 401.09418;
 -6.9695511, 432.65558]
[663.7793, 540.02881;
 914.48615, 512.63403;
 755.45013, 469.37323;
 646.20538, 428.27655;
 785.30011, 433.71301;
 705.61066, 401.52417;
 -6.9695511, 432.65558]
[664.77405, 538.78455;
 916.94861, 511.38751;
 753.71106, 469.47989;
 644.71973, 428.47501;
 785.34558, 434.28763;
 705.48834, 401.81845;
 -6.9695511, 432.65558]
[664.66229, 538.31317;
 918.7428, 510.54706;
 751.81189, 469.99701;
 643.34125, 428.17371;
 786.3244, 433.48065;
 705.41327, 401.80225;
 -6.9695511, 432.65558]
[664.38049, 537.57343;
 919.79846, 507.40756;
 749.8493, 471.6727;
 641.5412, 427.4744;
 785.48169, 431.19177;
 704.80469, 401.43289;
 -6.9695511, 432.65558]
[662.95496, 536.94281;
 920.56073, 507.10886;
 748.37384, 472.61978;
 640.24017, 427.56357;
 784.35974, 430.11298;
 704.80182, 401.32581;
 -6.9695511, 432.65558]
[661.698, 536.51965;
 924.4502, 507.2084;
 746.78015, 473.5466;
 638.22699, 428.1687;
 779.16284, 436.94357;
 705.41949, 401.66501;
 -6.9695511, 432.65558]
[659.492, 537.12616;
 928.37402, 507.47592;
 745.79242, 474.13876;
 636.63348, 428.42609;
 780.02179, 441.44495;
 705.60156, 402.11981;
 -6.9695511, 432.65558]
[658.20581, 536.94135;
 930.66455, 507.20355;
 743.95648, 474.84222;
 634.72461, 429.43161;
 782.85089, 442.89163;
 705.65759, 402.52222;
 -6.9695511, 432.65558]
[655.90161, 536.05023;
 933.2851, 506.75131;
 743.22937, 474.99332;
 632.23755, 430.48877;
 778.54633, 442.95474;
 706.4422, 403.32864;
 -6.9695511, 432.65558]
[656.38788, 535.60248;
 935.65472, 505.60822;
 742.43787, 475.65469;
 630.22516, 431.46173;
 782, 429;
 706.70618, 403.49582;
 -6.9695511, 432.65558]
[655.05566, 533.94916;
 938.16058, 503.87189;
 742.80853, 476.22549;
 628.1546, 431.59698;
 779.51074, 429.2507;
 707.33447, 403.66064;
 -6.9695511, 432.65558]
[654.78497, 533.34534;
 940.55328, 503.56952;
 742.65894, 476.2207;
 627.4527, 432.18713;
 779.02185, 429.90887;
 707.30493, 403.60925;
 -6.9695511, 432.65558]
[654.4679, 532.15161;
 943.08734, 502.66586;
 743.5509, 476.55045;
 625.44226, 433.01752;
 779.41833, 430.43277;
 708.01105, 404.15192;
 -6.9695511, 432.65558]
[657.75403, 531.87866;
 946.74658, 500.92688;
 744.35632, 476.56506;
 624.24554, 433.66113;
 777.89368, 432.84085;
 708.50787, 404.24619;
 -6.9695511, 432.65558]
[657.34912, 531.38654;
 949.86438, 501.63397;
 743.88403, 476.34518;
 623.15302, 433.52127;
 774.83636, 434.40829;
 709.44568, 405.46225;
 -6.9695511, 432.65558]
[656.24762, 528.94635;
 953.83142, 500.85547;
 742.81866, 477.19562;
 621.68884, 432.4761;
 774.9115, 436.8605;
 710.18634, 405.56775;
 -6.9695511, 432.65558]
[656.66711, 527.1734;
 957.14838, 500.73563;
 741.56659, 477.71048;
 621.38, 432.06094;
 766, 433;
 710.95184, 406.21033;
 -6.9695511, 432.65558]
[653.96582, 523.60297;
 960.69385, 500.793;
 740.0592, 479.27551;
 620.32544, 431.26154;
 765.45831, 433.19107;
 711.44672, 407.4476;
 -6.9695511, 432.65558]
[655.4425, 522.41528;
 964.24329, 501.14996;
 736.78253, 478.37521;
 620.08887, 430.15506;
 765.03009, 433.47232;
 712.71991, 407.38174;
 -6.9695511, 432.65558]
[656.28638, 520.37476;
 968.28918, 501.47748;
 732.47876, 476.16791;
 620.2323, 428.62924;
 763.83105, 433.87573;
 713.54053, 407.73404;
 -6.9695511, 432.65558]
[655.96564, 519.64294;
 970.76117, 501.7764;
 725.28937, 476.44281;
 620.84894, 427.19467;
 763.41779, 434.62167;
 714.07855, 408.30002;
 -6.9695511, 432.65558]
[655.23846, 518.44336;
 974.50122, 502.04803;
 717.00854, 477.60696;
 622.11456, 425.63345;
 763.18823, 434.58704;
 714.74304, 408.7948;
 -6.9695511, 432.65558]
[654.34534, 517.71283;
 977.67798, 501.97147;
 747, 479;
 623.04785, 425.08716;
 764.35376, 436.0202;
 715.72986, 409.10727;
 -6.9695511, 432.65558]
[652.8916, 517.7832;
 982.24683, 502.34134;
 745.46167, 479.30927;
 624.08673, 424.54337;
 764.73328, 435.78824;
 716.47168, 409.57147;
 -6.9695511, 432.65558]
[650.71088, 517.42029;
 985.79852, 500.94629;
 743.9165, 478.99081;
 625.19824, 424.51868;
 765.99194, 436.95386;
 717.27802, 410.41708;
 -6.9695511, 432.65558]
[648.4317, 518.21936;
 988.61743, 500.42056;
 741.25348, 478.4389;
 626.05768, 424.88187;
 766.62494, 437.14532;
 717.64154, 410.74014;
 -6.9695511, 432.65558]
[642.12628, 517.96527;
 992.966, 496.92001;
 736.95483, 478.48099;
 628.07013, 425.2908;
 766.11658, 437.66592;
 719.67157, 412.30585;
 -6.9695511, 432.65558]
[641.81274, 518.33862;
 994.69202, 497.10275;
 733.35541, 479.2652;
 628.25513, 425.52655;
 765.55774, 438.84152;
 720.81799, 412.85538;
 -6.9695511, 432.65558]
[640.64685, 518.63037;
 996.17383, 496.21588;
 731.39075, 480.95825;
 628.87762, 426.31296;
 764.65375, 439.67606;
 722.67926, 412.90192;
 -6.9695511, 432.65558]
[640.52161, 518.50244;
 997.08472, 496.34009;
 729.84418, 482.31052;
 643, 416;
 764.05469, 441.19995;
 724.41168, 413.89423;
 -6.9695511, 432.65558]
[641.28357, 518.13782;
 998.33496, 496.19116;
 728.45166, 483.76657;
 644.0545, 415.81055;
 762.58234, 442.79074;
 726.41211, 414.49619;
 -6.9695511, 432.65558]
[642.55072, 517.78101;
 999.65497, 496.85049;
 727.44153, 485.44992;
 635, 431;
 761.32642, 444.47293;
 728.92303, 415.22345;
 -6.9695511, 432.65558]
[644.32739, 517.55164;
 1001.041, 496.57993;
 726.19965, 486.70697;
 636.01038, 430.90781;
 760.07574, 446.88513;
 730.89215, 415.22922;
 -6.9695511, 432.65558]
[646.67438, 518.26855;
 1002.3027, 496.63489;
 724.75836, 488.41913;
 637.09955, 430.98383;
 759.55139, 448.19208;
 732.77875, 415.58795;
 -6.9695511, 432.65558]
[648.48267, 518.47937;
 1003.2573, 496.21713;
 723.47809, 489.84189;
 637.888, 431.40704;
 757.38562, 451.47974;
 735.39557, 417.74356;
 -6.9695511, 432.65558]
[651.71063, 518.79028;
 1003.9822, 496.72647;
 722.05988, 491.73743;
 637.55231, 431.9859;
 755.60327, 452.91187;
 736.66339, 418.58234;
 -6.9695511, 432.65558]
[652.97589, 520.52722;
 1004.9897, 497.22491;
 720.38538, 492.88971;
 637.7677, 432.45129;
 755.02893, 456.24292;
 738.60687, 418.77487;
 -6.9695511, 432.65558]
[654.29425, 522.41144;
 1005.5364, 497.99942;
 718.80792, 493.38809;
 637.54803, 433.61136;
 751.12524, 456.83032;
 740.8772, 419.6908;
 -6.9695511, 432.65558]
[655.84387, 523.61334;
 1007.2128, 497.35577;
 716.67926, 491.98706;
 637.09357, 434.01175;
 748.47119, 456.50995;
 742.1344, 420.36902;
 -6.9695511, 432.65558]
[655.9726, 525.05121;
 1007.5295, 497.81097;
 714.13635, 494.07367;
 636.72571, 434.72189;
 748.4989, 452.61597;
 743.35797, 421.02011;
 -6.9695511, 432.65558]
[656.20575, 526.29645;
 1008.5219, 498.57529;
 712.70587, 498.78815;
 636.6839, 435.47821;
 748.18915, 452.65265;
 744.58099, 421.71866;
 -6.9695511, 432.65558]
[656.54364, 527.50476;
 1009.8522, 498.89865;
 710.94354, 500.45746;
 636.69635, 436.54736;
 746.25104, 453.3927;
 745.59448, 421.62463;
 -6.9695511, 432.65558]
[655.57001, 528.38599;
 1010.5811, 498.42651;
 709.66168, 497.78473;
 636.47766, 437.29117;
 743.3634, 453.94128;
 746.90637, 422.51254;
 -6.9695511, 432.65558]
[651, 534;
 1011.9163, 498.39642;
 709.01953, 498.59949;
 636.22827, 438.2717;
 740.57416, 454.5267;
 749.16211, 422.32217;
 -6.9695511, 432.65558]
[650.64825, 535.46112;
 1013.0195, 498.60312;
 707.90179, 502.54889;
 636.29767, 439.03525;
 738.07178, 456.11353;
 751.34698, 422.47873;
 -6.9695511, 432.65558]
[651.35114, 535.74506;
 1014.4313, 498.8208;
 705.62744, 505.10507;
 634.84967, 439.97809;
 735.159, 457.88678;
 754.57196, 422.88959;
 -6.9695511, 432.65558]
[652.27301, 537.0094;
 1016.1279, 498.94333;
 704.00696, 506.4567;
 634.0415, 440.74585;
 732.87701, 458.91629;
 757.47913, 424.11902;
 -6.9695511, 432.65558]
[651.38745, 538.04456;
 1017, 499;
 702.80322, 507.79388;
 633.70123, 441.64438;
 729.98279, 459.9509;
 759.84778, 425.71783;
 -6.9695511, 432.65558]
[649.96216, 540.06787;
 1019.2014, 499.60001;
 702.32428, 509.3494;
 632.85803, 442.64548;
 726.70312, 462.43738;
 762.72516, 427.3699;
 -6.9695511, 432.65558]
[648.4704, 540.04681;
 1021.9509, 499.58698;
 701.16302, 510.39056;
 632.65424, 443.14127;
 724.01526, 464.21359;
 764.72198, 427.46234;
 -6.9695511, 432.65558]
[646.00806, 539.18134;
 1024.2617, 499.94589;
 699.2746, 511.15961;
 632.08783, 443.98837;
 721.35358, 465.68146;
 766.44812, 428.11658;
 -6.9695511, 432.65558]
[643.59186, 536.76208;
 1025.8904, 500.40692;
 697.03796, 511.68994;
 631.89014, 443.9054;
 718.56116, 467.31906;
 768.27179, 427.09116;
 -6.9695511, 432.65558]
[641.48547, 534.29553;
 1028.3984, 499.91431;
 694.04718, 512.28967;
 631.41663, 444.04703;
 716.10852, 468.43121;
 770.08783, 428.11115;
 -6.9695511, 432.65558]
[640.14386, 532.01471;
 1030.4515, 500.56281;
 690.26337, 512.94897;
 630.53931, 443.30493;
 714.30481, 468.71545;
 771.18109, 429.6232;
 -6.9695511, 432.65558]
[638.26074, 530.70789;
 1032.6326, 500.4581;
 686.42731, 512.89087;
 630.53552, 443.51898;
 711.854, 469.43478;
 771.84265, 431.18338;
 -6.9695511, 432.65558]
[632.68958, 529.57916;
 1037.8409, 500.03418;
 678.94934, 514.50989;
 631.34589, 444.90799;
 706.93933, 472.23743;
 773.93707, 437.15039;
 -6.9695511, 432.65558]
[630.76489, 529.64252;
 1040.0674, 499.14734;
 675.53986, 514.82709;
 632.26221, 445.3038;
 705.09735, 473.13644;
 774.06268, 437.9834;
 -6.9695511, 432.65558]
[627.05463, 527.38544;
 1042.2748, 498.039;
 671.80908, 516.42535;
 633.86804, 444.54492;
 703.70502, 474.48355;
 775.09369, 438.53119;
 -6.9695511, 432.65558]
[625.05652, 526.55963;
 1043.3796, 496.86133;
 668.11627, 515.53271;
 636.3985, 443.6976;
 702.60968, 474.51532;
 776.3504, 439.60492;
 -6.9695511, 432.65558]
[622.66956, 526.31781;
 1044.1598, 496.31976;
 665.1767, 512.95825;
 638.85272, 442.65802;
 701.2627, 474.90942;
 778.77637, 440.11197;
 -6.9695511, 432.65558]
[618, 521;
 1044.4611, 495.82715;
 662.24304, 511.68921;
 641.54382, 441.96976;
 700.13721, 474.63504;
 780.07996, 440.10449;
 -6.9695511, 432.65558]
[616.32367, 520.16687;
 1045.1228, 495.24863;
 658.27466, 510.9549;
 643.97906, 441.75372;
 698.03314, 475.25723;
 782.87793, 441.63226;
 -6.9695511, 432.65558]
[614.21625, 519.26019;
 1045.6425, 495.19492;
 656.54596, 510.59769;
 647.48669, 441.46118;
 696.41016, 475.44193;
 784.43561, 442.5896;
 -6.9695511, 432.65558]
[612.96033, 518.98096;
 1046.2301, 494.10809;
 654.18329, 510.40619;
 650.2016, 441.48389;
 694.62244, 474.27042;
 787.34259, 441.7717;
 -6.9695511, 432.65558]
[611.19067, 519.18915;
 1046.2896, 494.47195;
 652.06604, 511.38501;
 653.41565, 440.81683;
 692.69006, 474.46002;
 790.11182, 442.58243;
 -6.9695511, 432.65558]
[609.0498, 519.42749;
 1046.4927, 493.63739;
 649.53186, 512.92407;
 655.14105, 440.60953;
 690.58545, 473.32785;
 793.57251, 443.27164;
 -6.9695511, 432.65558]
[607.88245, 519.63281;
 1046.6882, 493.18744;
 641, 506;
 656.45685, 440.00763;
 689.33551, 473.35114;
 796.40973, 443.40213;
 -6.9695511, 432.65558]
[607.83789, 519.58862;
 1046.6912, 493.1843;
 638.88654, 503.79822;
 658.08331, 439.08621;
 687.86389, 472.14508;
 799.68799, 442.65323;
 -6.9695511, 432.65558]
[607.80267, 518.94159;
 1046.7225, 492.49283;
 634.52747, 504.19443;
 660.40125, 437.83463;
 687.12726, 471.88266;
 803.14911, 444.57657;
 -6.9695511, 432.65558]
[608.34473, 518.32318;
 1046.6755, 491.54825;
 631.21436, 503.71246;
 662.5741, 437.64874;
 687, 476;
 804.31476, 444.46161;
 -6.9695511, 432.65558]
[608.35583, 517.58459;
 1046.6477, 491.13489;
 627.51593, 503.82877;
 664.22375, 437.62341;
 686.73706, 476.11386;
 805.60931, 444.5571;
 -6.9695511, 432.65558]
[608.60388, 517.85828;
 1046.6982, 489.90759;
 624.11823, 504.02682;
 666.02667, 437.6716;
 686.60236, 476.35748;
 805.73059, 444.47122;
 -6.9695511, 432.65558]
[609.36084, 517.20129;
 1046.4867, 487.43973;
 621.06622, 504.40863;
 668.34509, 437.67438;
 686.78857, 476.67365;
 807.42578, 445.20139;
 -6.9695511, 432.65558]
[609.81854, 517.25214;
 1046.1285, 486.48404;
 618.97052, 503.97812;
 670.91315, 437.50555;
 686.5625, 477.27777;
 809.61658, 446.30246;
 -6.9695511, 432.65558]
[610.24335, 517.81085;
 1045.3936, 486.65912;
 616.20001, 503.31918;
 672.85907, 436.8324;
 686.78876, 477.75809;
 811.98206, 446.34811;
 -6.9695511, 432.65558]
[610.63165, 518.22754;
 1045.9406, 486.19916;
 614.03711, 503.17792;
 674.74603, 436.41171;
 686.58929, 478.0426;
 821, 439;
 -6.9695511, 432.65558]
[610.41064, 519.15533;
 1045.7926, 485.51947;
 611.88129, 503.16144;
 676.6579, 436.2132;
 686.9278, 478.25052;
 823.76971, 438.95578;
 -6.9695511, 432.65558]
[605.4176, 521.88348;
 1046.4989, 484.90448;
 609.40967, 503.48499;
 678.26013, 434.95126;
 688.09363, 480.48077;
 825.58771, 438.82956;
 -6.9695511, 432.65558]
[605.27911, 521.44843;
 1046.5155, 484.88916;
 607.26886, 503.48334;
 679.89227, 433.52963;
 688.86853, 481.20444;
 827.68689, 438.59143;
 -6.9695511, 432.65558]
[603.05707, 520.5188;
 1047.656, 483.64182;
 603.20868, 502.92795;
 681.5752, 432.52747;
 690.05737, 481.79868;
 829.67603, 438.73291;
 -6.9695511, 432.65558]
[600.38696, 518.41553;
 1048.3606, 483.13434;
 600.8125, 504.41867;
 683.34369, 430.98175;
 690.52094, 481.88168;
 831.50586, 438.32788;
 -6.9695511, 432.65558]
[598.23267, 517.87903;
 1049.016, 482.586;
 598.71478, 503.34167;
 684.98785, 430.33179;
 690.5708, 481.81351;
 833.13861, 438.19226;
 -6.9695511, 432.65558]
[625, 519;
 1050.2422, 482.27936;
 597.30811, 503.01825;
 686.38416, 430.12271;
 691.28546, 481.95844;
 834.21899, 437.88968;
 -6.9695511, 432.65558]
[624.45264, 517.34119;
 1051.2748, 482.10773;
 595.9765, 502.17291;
 688.12421, 429.34464;
 692.69373, 482.5126;
 836.00531, 437.69278;
 -6.9695511, 432.65558]
[627.18768, 518.1217;
 1054.3208, 481.47043;
 595.83636, 499.47867;
 691.87421, 428.74554;
 694.8869, 485.58759;
 839.69159, 437.40048;
 -6.9695511, 432.65558]
[628.18652, 518.53381;
 1056.0802, 481.36432;
 588.96198, 500.54309;
 693.42804, 429.05005;
 695.75031, 485.77179;
 842.2453, 438.14853;
 -6.9695511, 432.65558]
[629.33545, 518.43591;
 1057.7362, 481.20068;
 587.14661, 503.03146;
 695.86011, 429.25632;
 696.99646, 486.09109;
 844.61328, 438.70441;
 -6.9695511, 432.65558]
[630.61658, 518.80493;
 1059.333, 481.22656;
 585.36981, 505.379;
 698.11957, 429.84009;
 697.67993, 485.99075;
 846.72369, 438.91824;
 -6.9695511, 432.65558]
[621, 517;
 1061.4225, 482.07129;
 584.32086, 507.56335;
 700.91797, 429.87283;
 698.55542, 486.32373;
 848.69971, 439.62085;
 -6.9695511, 432.65558]
[621.93457, 516.86481;
 1062.9774, 481.89975;
 584.88818, 509.8175;
 702.83185, 429.814;
 699.24664, 485.89133;
 851.25171, 440.47284;
 -6.9695511, 432.65558]
[623.0069, 516.02197;
 1064.2444, 481.59192;
 584.25195, 511.44928;
 704.78302, 429.99234;
 701.95465, 485.94769;
 853.69171, 441.70715;
 -6.9695511, 432.65558]
[623.87988, 516.38525;
 1065.491, 481.25235;
 582.53217, 512.78442;
 707.22809, 430.41049;
 704.44269, 485.91446;
 856.83929, 442.0415;
 -6.9695511, 432.65558]
[623.96936, 516.58246;
 1066.7375, 480.57388;
 580.88037, 513.21509;
 708.62299, 430.73932;
 707.47687, 486.45938;
 860.23944, 442.83417;
 -6.9695511, 432.65558]
[626.00555, 516.78412;
 1067.5651, 480.22162;
 578.7334, 514.0946;
 711.26794, 430.14813;
 711.52124, 485.76587;
 863.57416, 443.46255;
 -6.9695511, 432.65558]
[627.90265, 516.25354;
 1069.0829, 480.34534;
 575.65204, 515.54126;
 714.22284, 430.21332;
 714.51874, 486.2666;
 866.67889, 443.49326;
 -6.9695511, 432.65558]
[632, 522;
 1069.293, 479.2453;
 583, 507;
 722.13, 435.72684;
 716, 483;
 871.50836, 443.15036;
 -6.9695511, 432.65558]
[633.91754, 522.44708;
 1070.5796, 478.56012;
 581.56244, 508.64224;
 724.55579, 436.19427;
 719.54022, 482.99719;
 875.04004, 444.31058;
 -6.9695511, 432.65558]
[635.36469, 522.55341;
 1072.0105, 478.05133;
 579.97455, 510.94553;
 727.367, 436.2099;
 723.4433, 482.56781;
 878.79218, 444.52557;
 -6.9695511, 432.65558]
[637.57928, 522.45923;
 1072.5946, 477.83664;
 579.80585, 513.72534;
 731, 428;
 726.28101, 482.38397;
 881.91772, 445.26132;
 -6.9695511, 432.65558]
[640.55096, 522.60876;
 1074.0092, 478.27823;
 579.73669, 515.07727;
 735.65143, 434.21414;
 729.43182, 482.57193;
 885.23132, 446.32919;
 -6.9695511, 432.65558]
[643.65863, 523.04028;
 1075.6768, 478.39233;
 579.5816, 515.76135;
 742.37878, 434.8074;
 732.66724, 483.17413;
 887.89508, 447.19089;
 -6.9695511, 432.65558]
[646.40857, 521.89819;
 1077.0883, 478.38339;
 579.62738, 516.59619;
 750.54059, 436.58539;
 736.98138, 483.18918;
 892.40698, 448.41641;
 -6.9695511, 432.65558]
[649.98834, 521.40399;
 1078.3199, 478.86353;
 581.05719, 517.34967;
 744, 421;
 741.0675, 483.31662;
 897.33966, 449.31711;
 -6.9695511, 432.65558]
[653.62146, 521.30988;
 1079.8997, 479.55856;
 581.98193, 517.87195;
 748.53381, 421.07925;
 745.89685, 483.94025;
 901.94153, 451.01962;
 -6.9695511, 432.65558]
[657.60168, 520.45044;
 1082.912, 480.13132;
 582.38641, 519.18243;
 753.83325, 421.40121;
 750.36115, 484.22797;
 907.97565, 454.28348;
 -6.9695511, 432.65558]
[662.7735, 520.29712;
 1085.6466, 481.25635;
 584.11597, 519.40997;
 759.27545, 421.2291;
 755.27521, 485.37772;
 911.97778, 456.4173;
 -6.9695511, 432.65558]
[668.16553, 520.58398;
 1089.0294, 482.28928;
 586.81348, 518.58459;
 766.29547, 421.76416;
 759.99872, 486.6795;
 917.31067, 458.15765;
 -6.9695511, 432.65558]
[674.72668, 520.94342;
 1093.2939, 482.05612;
 590.67133, 518.94128;
 774.78766, 422.2453;
 765.15625, 485.76117;
 923.40088, 459.6972;
 -6.9695511, 432.65558]
[681.8952, 522.71509;
 1097.9136, 482.85867;
 595.61957, 519.43097;
 782.99078, 422.7674;
 771.05646, 487.1373;
 929.5141, 461.76599;
 -6.9695511, 432.65558]
[688.98633, 524.59155;
 1103.3583, 483.35303;
 600.58563, 519.94312;
 791.23523, 424.26202;
 775.96918, 488.41479;
 935.76154, 463.9512;
 -6.9695511, 432.65558]
[695.00757, 526.28778;
 1108.0988, 483.62772;
 604.16516, 521.31573;
 798.53253, 425.14157;
 782.3139, 490.1369;
 941.55487, 465.30829;
 -6.9695511, 432.65558]
[701.91168, 528.42426;
 1113.3545, 483.48538;
 607.08234, 522.06927;
 806.84784, 425.90573;
 788.28339, 491.97128;
 947.97723, 466.67841;
 -6.9695511, 432.65558]
[707.61035, 529.11774;
 1117.6138, 483.38837;
 609.79712, 522.77844;
 813.37677, 427.189;
 793.9361, 493.83466;
 952.94446, 467.86145;
 -6.9695511, 432.65558]
[713.97443, 530.21729;
 1121.7598, 482.99274;
 612.13617, 524.37122;
 820.32544, 427.5188;
 799.10815, 494.81943;
 958.51025, 468.43835;
 -6.9695511, 432.65558]
[721.74561, 531.65308;
 1129.7954, 482.14157;
 614.41858, 528.04553;
 832.77612, 429.31857;
 808.15515, 497.76926;
 966.64972, 468.42438;
 -6.9695511, 432.65558]
[725.10297, 531.6972;
 1133.4618, 482.94614;
 614.50781, 529.71423;
 837.15704, 429.54825;
 811.46954, 499.19589;
 970.64075, 468.56024;
 -6.9695511, 432.65558]
[727.36115, 532.02606;
 1136.454, 483.40955;
 614.07733, 530.35461;
 841.44171, 429.63138;
 814.34711, 500.06726;
 975.0578, 468.65128;
 -6.9695511, 432.65558]
[730.4176, 531.88916;
 1139.5707, 483.76807;
 614.02856, 530.97223;
 844.73273, 429.61761;
 815.94421, 501.30673;
 978.01849, 470.01898;
 -6.9695511, 432.65558]
[731.65594, 531.19702;
 1141.7739, 484.79636;
 613.06757, 532.34302;
 846.94672, 429.66394;
 817.0387, 502.70715;
 979.85266, 471.17801;
 -6.9695511, 432.65558]
[732.7428, 531.23743;
 1143.4163, 485.63528;
 612.80573, 533.56183;
 848.8374, 430.19135;
 817.55804, 504.35992;
 982.11652, 472.74905;
 -6.9695511, 432.65558]
[732.99701, 531.57928;
 1144.8524, 486.66187;
 612.63672, 534.4649;
 850.2981, 430.38766;
 817.86591, 505.41772;
 984.90491, 473.85696;
 -6.9695511, 432.65558]
[733.08856, 531.94238;
 1145.7506, 487.38779;
 612.74512, 533.88068;
 851.30573, 431.27274;
 818.43536, 506.86441;
 986.54419, 475.52219;
 -6.9695511, 432.65558]
[733.23828, 531.97278;
 1147.2615, 488.47815;
 605.60535, 534.86957;
 852.54309, 432.23273;
 818.50134, 507.91138;
 990.98712, 476.54474;
 -6.9695511, 432.65558]
[733.33093, 532.383;
 1147.2766, 489.51892;
 605.72266, 536.40277;
 852.98834, 433.03323;
 818.97284, 508.87259;
 991.65839, 477.57172;
 -6.9695511, 432.65558]
[732.14618, 533.12457;
 1147.7723, 490.22583;
 604.8537, 538.78943;
 853.8847, 433.68997;
 819.45227, 509.8443;
 994.12183, 478.3335;
 -6.9695511, 432.65558]
[731.14893, 533.6806;
 1148.6643, 490.78052;
 604.1546, 546.57416;
 853.90625, 434.35123;
 819.37616, 510.72839;
 996.11127, 480.89801;
 -6.9695511, 432.65558]
[729.78735, 534.85962;
 1148.9694, 490.85593;
 601.2749, 547.62085;
 854.52692, 434.46707;
 819.39532, 511.07867;
 997.59271, 481.93384;
 -6.9695511, 432.65558]
[729.52618, 535.21729;
 1149.3628, 491.36148;
 600.57239, 549.46716;
 854.59857, 434.99976;
 819.32495, 511.65686;
 998.82947, 483.53601;
 -6.9695511, 432.65558]
[728.82812, 535.63342;
 1149.657, 491.27481;
 599.35791, 551.24323;
 854.89508, 435.09778;
 819.08197, 512.16968;
 1000.1546, 485.04831;
 -6.9695511, 432.65558]
[728.58234, 536.33765;
 1149.5634, 491.27136;
 596.3432, 551.263;
 857.6283, 434.21921;
 819.07434, 512.20123;
 1002.4651, 485.41461;
 -6.9695511, 432.65558]
[727.83606, 537.00549;
 1148.7097, 490.57986;
 594.42212, 551.33044;
 863.46204, 431.22269;
 818.62274, 513.00305;
 1003.1279, 486.35004;
 -6.9695511, 432.65558]
[727.5462, 537.38843;
 1148.5195, 490.2623;
 593.30707, 552.3562;
 863.38757, 431.30872;
 818.36597, 513.18646;
 1004.593, 486.51483;
 -6.9695511, 432.65558]
[727.04626, 538.1582;
 1149.2723, 489.28897;
 590.97815, 553.08197;
 858.65753, 436.38431;
 818.13458, 513.22839;
 1005.2086, 487.38821;
 -6.9695511, 432.65558]
[730, 527;
 1149.6201, 488.36026;
 593, 539;
 859.38019, 436.1763;
 817.76904, 513.17737;
 1008, 493;
 -6.9695511, 432.65558]
[730.28259, 527.47955;
 1149.0326, 488.03403;
 590.2226, 539.46179;
 860.67499, 436.19312;
 816.7832, 513.14319;
 1008.5452, 492.58691;
 -6.9695511, 432.65558]
[730.58655, 527.83429;
 1148.3438, 486.94681;
 586.51453, 540.09088;
 862.5639, 435.10446;
 816.05621, 513.34045;
 1009.3564, 492.99701;
 -6.9695511, 432.65558]
[730.69244, 528.36932;
 1147.6149, 486.63638;
 583.73517, 540.69592;
 863.49829, 434.59317;
 815.0835, 513.38879;
 1009.4333, 493.35623;
 -6.9695511, 432.65558]
[730.4917, 528.19147;
 1146.2488, 486.07935;
 579.46466, 541.43787;
 865.07135, 434.03555;
 813.14319, 513.42383;
 1009.2657, 493.315;
 -6.9695511, 432.65558]
[730.33606, 528.07379;
 1145.3843, 485.33716;
 576.20477, 542.18726;
 866.50763, 433.76126;
 812.19067, 513.62988;
 1009.6589, 492.57169;
 -6.9695511, 432.65558]
[729.38965, 527.12744;
 1144.3077, 484.90884;
 572.55701, 542.58862;
 867.70319, 433.24329;
 810.8421, 513.09009;
 1010.1076, 492.18079;
 -6.9695511, 432.65558]
[728.39038, 526.25037;
 1142.5909, 484.59784;
 569.20416, 543.25769;
 868.33197, 432.81738;
 810.0835, 513.09064;
 1010.5764, 491.96533;
 -6.9695511, 432.65558]
[727.56659, 524.32965;
 1140.8002, 484.59497;
 565.73352, 544.03265;
 869.65955, 432.46771;
 808.9223, 513.14478;
 1010.5391, 492.0975;
 -6.9695511, 432.65558]
[726.91711, 522.84375;
 1139.3223, 484.13193;
 562.47552, 544.27466;
 871.14569, 432.0592;
 807.25134, 513.22205;
 1010.722, 492.3616;
 -6.9695511, 432.65558]
[723.8504, 518.2962;
 1135.7205, 483.73953;
 556.07556, 546.34174;
 873.21313, 431.83633;
 804.23517, 513.98242;
 1010.7751, 492.98047;
 -6.9695511, 432.65558]
[723.11664, 516.9082;
 1134.0387, 483.38498;
 553.21655, 546.50214;
 874.00159, 431.75211;
 803.31201, 514.18579;
 1011.29, 493.922;
 -6.9695511, 432.65558]
[722.52808, 515.63257;
 1132.2504, 483.2175;
 550.36365, 546.41608;
 875.36664, 431.23053;
 802.19482, 514.71326;
 1011.841, 495.47333;
 -6.9695511, 432.65558]
[721.32416, 513.91772;
 1131.3284, 482.92688;
 547.80396, 546.49969;
 876.36865, 430.53561;
 800.99835, 515.7301;
 1011.9774, 495.82812;
 -6.9695511, 432.65558]
[719.90527, 513.11011;
 1129.4036, 481.63397;
 545.08887, 546.31543;
 878.1156, 429.54752;
 799.32104, 516.07172;
 1011.95, 497.01337;
 -6.9695511, 432.65558]
[718.64514, 511.55756;
 1128.3134, 480.37097;
 542.67969, 547.13983;
 879.7323, 429.47589;
 798.87225, 516.33362;
 1011.95, 497.03418;
 -6.9695511, 432.65558]
[717.09863, 510.52786;
 1126.3174, 479.1344;
 540.18988, 547.26019;
 880.72443, 428.32468;
 798.02045, 516.19952;
 1011.6713, 498.31403;
 -6.9695511, 432.65558]
[715.05078, 509.95468;
 1124.235, 477.72064;
 538.08093, 546.71204;
 881.46887, 427.33334;
 796.73993, 516.2074;
 1011.2063, 499.26901;
 -6.9695511, 432.65558]
[713.52844, 509.46176;
 1123.0176, 477.26486;
 535.1524, 546.32782;
 881.5838, 426.52783;
 795.63336, 516.04315;
 1010.655, 499.21875;
 -6.9695511, 432.65558]
[711.49146, 509.09091;
 1121.3944, 475.89825;
 534.00159, 546.13391;
 881.52112, 424.32745;
 795.05292, 515.65466;
 1010.2078, 501.01889;
 -6.9695511, 432.65558]
[711.70142, 508.63062;
 1119.6041, 474.79315;
 531.67816, 545.70483;
 880.99011, 423.62823;
 795.16907, 515.07953;
 1009.2017, 501.14008;
 -6.9695511, 432.65558]
[712.4115, 508.74536;
 1118.6808, 473.82135;
 529.81512, 545.37311;
 870, 421;
 794.17004, 515.06201;
 1007.8516, 501.45483;
 -6.9695511, 432.65558]
[713.11139, 508.39737;
 1117.593, 473.52872;
 528.08221, 545.18237;
 869.92395, 420.08871;
 794.02252, 514.83716;
 1006.0785, 501.65848;
 -6.9695511, 432.65558]
[712.724, 507.83591;
 1117.0796, 472.63364;
 526.38251, 545.1178;
 869.31726, 419.61429;
 792.98114, 514.68323;
 1005.3837, 501.38129;
 -6.9695511, 432.65558]
[713.40338, 508.00345;
 1116.6031, 472.55609;
 524.58026, 544.55042;
 868.54797, 419.34091;
 792.09473, 514.53613;
 1005.1161, 500.86926;
 -6.9695511, 432.65558]
[713.23322, 507.84348;
 1116.5543, 471.87912;
 522.33862, 544.72272;
 867.66095, 418.64194;
 791.10858, 514.81409;
 1004.1317, 499.82507;
 -6.9695511, 432.65558]
[713.97772, 507.94611;
 1116.3593, 471.3804;
 521.26581, 545.24841;
 867.06329, 417.71768;
 789.16113, 514.5459;
 1003.6877, 499.55811;
 -6.9695511, 432.65558]
[714.5257, 508.28558;
 1116.0139, 471.27524;
 519.31641, 545.52441;
 866.47394, 417.79202;
 788.03949, 514.86902;
 1003.7867, 499.46454;
 -6.9695511, 432.65558]
[714.84137, 507.862;
 1115.4482, 470.77789;
 517.4704, 545.5321;
 865.92383, 417.91568;
 786.83496, 514.55487;
 1003.64, 499.17584;
 -6.9695511, 432.65558]
[714.64386, 507.35333;
 1115.2927, 470.65381;
 516.21814, 545.80713;
 864.91095, 417.86865;
 785.85364, 514.65674;
 1003.6564, 499.10248;
 -6.9695511, 432.65558]
[714.36707, 505.1077;
 1115.358, 470.19412;
 514.56519, 546.06897;
 864.45435, 417.52759;
 785.05005, 515.11371;
 1004.0051, 499.90689;
 -6.9695511, 432.65558]
[713.93079, 503.75314;
 1115.3595, 470.25674;
 513.50195, 546.24341;
 863.71173, 417.32645;
 784.17053, 515.479;
 1004.8327, 501.64801;
 -6.9695511, 432.65558]
[713.48358, 501.75037;
 1115.8665, 469.39221;
 511.90549, 546.81244;
 862.51263, 417.45999;
 783.34711, 516.14502;
 1004.8409, 501.60645;
 -6.9695511, 432.65558]
[713.45404, 500.56732;
 1116.3044, 469.07968;
 510.52515, 546.84082;
 861.80487, 417.4538;
 782.45203, 516.53076;
 1008.2325, 502.11841;
 -6.9695511, 432.65558]
[713.43262, 499.82773;
 1116.369, 468.63553;
 509.28116, 547.00922;
 861.37762, 417.42056;
 782.05206, 516.72754;
 1010.4251, 502.70117;
 -6.9695511, 432.65558]
[713.18939, 499.03403;
 1116.8511, 467.58221;
 508.5708, 547.26917;
 860.99603, 417.64572;
 781.55634, 517.19415;
 1011.7353, 503.47009;
 -6.9695511, 432.65558]
[713.22455, 498.60916;
 1116.3331, 466.82684;
 507.56357, 547.54492;
 860.99817, 417.76947;
 780.92108, 518.04944;
 1012.1093, 503.80765;
 -6.9695511, 432.65558]
[713.37921, 498.30408;
 1116.5835, 465.73428;
 507.30637, 548.71295;
 861.05353, 417.52875;
 780.18097, 518.7074;
 1017.3885, 506.71478;
 -6.9695511, 432.65558]
[713.82324, 498.00186;
 1116.547, 465.61456;
 507.06104, 548.69659;
 860.92566, 417.59048;
 779.87756, 519.46655;
 1017.4275, 506.96329;
 -6.9695511, 432.65558]
[714.30908, 497.63214;
 1116.3434, 465.05682;
 506.19452, 548.24677;
 861.14661, 417.6189;
 779.4375, 520.1308;
 1018.3836, 508.49167;
 -6.9695511, 432.65558]
[714.62555, 497.50336;
 1116.3782, 464.49231;
 505.30389, 548.45245;
 861.32544, 417.75677;
 778.71429, 520.41345;
 1018.7939, 508.66779;
 -6.9695511, 432.65558]
[714.56219, 497.53323;
 1116.7142, 465.00299;
 504.66144, 548.98175;
 862.31519, 417.77249;
 777.84125, 522.37347;
 1020.7623, 509.89508;
 -6.9695511, 432.65558]
[719, 501;
 1116.9761, 465.6955;
 503.89819, 549.51044;
 862.80933, 417.9299;
 770, 524;
 1021.5838, 510.6217;
 -6.9695511, 432.65558]
[719.24512, 501.1109;
 1116.9761, 465.69574;
 503.94598, 550.23267;
 862.95355, 417.97662;
 770.02271, 524.58038;
 1023.45, 510.68674;
 -6.9695511, 432.65558]
[719.1524, 500.33286;
 1117.9916, 466.0321;
 503.94275, 550.71429;
 863.62885, 417.9024;
 770.0105, 525.02179;
 1023.0668, 510.76605;
 -6.9695511, 432.65558]
[719.29645, 499.94943;
 1118.1011, 466.42645;
 503.26263, 551.69391;
 864.01807, 418.23087;
 770.30603, 525.70911;
 1023.107, 511.02603;
 -6.9695511, 432.65558]
[719.02728, 499.47021;
 1118.4019, 467.03064;
 502.77606, 552.34827;
 864.10455, 418.26218;
 770.13892, 526.26428;
 1023.3001, 511.06311;
 -6.9695511, 432.65558]
[719.11646, 499.42419;
 1118.7721, 467.63983;
 502.44763, 553.14642;
 863.92261, 418.56458;
 769.92096, 526.79199;
 1023.2418, 511.16367;
 -6.9695511, 432.65558]
[719.38574, 498.70065;
 1119.2034, 468.19543;
 502.43369, 553.89905;
 863.91156, 418.12283;
 769.88623, 527.46112;
 1022.6973, 511.40305;
 -6.9695511, 432.65558]
[719.34906, 498.63214;
 1119.8538, 468.37683;
 502.29971, 554.33099;
 864.12585, 417.71338;
 770.14331, 528.22162;
 1022.3819, 512.02527;
 -6.9695511, 432.65558]
[718.79102, 498.93564;
 1120.0725, 468.50449;
 501.95428, 555.43103;
 863.34027, 418.20477;
 770.14862, 529.02612;
 1022.6711, 512.7085;
 -6.9695511, 432.65558]
[718.78613, 499.04303;
 1120.5955, 469.27444;
 502.09247, 556.28632;
 863.22125, 417.64728;
 769.94049, 530.15137;
 1022.4481, 513.85681;
 -6.9695511, 432.65558]
[720.83209, 499.14633;
 1121.8467, 470.13889;
 502.09134, 556.78198;
 862.80768, 417.67419;
 769.56934, 531.35156;
 1021.9797, 515.50842;
 -6.9695511, 432.65558]
[721.4165, 499.84671;
 1121.871, 470.68359;
 502.67761, 557.19629;
 862.31085, 418.38562;
 769.32806, 532.11505;
 1021.9197, 516.00061;
 -6.9695511, 432.65558]
[722.3244, 500.81616;
 1124.2963, 471.10175;
 503.14902, 557.78052;
 860.37207, 418.4165;
 769.19214, 532.73187;
 1021.4918, 517.42889;
 -6.9695511, 432.65558]
[723.36304, 501.48373;
 1124.7537, 471.53659;
 503.24783, 558.44098;
 859.37555, 418.62906;
 769.01935, 533.37933;
 1020.9836, 518.4021;
 -6.9695511, 432.65558]
[723.64697, 502.19083;
 1125.6532, 472.55545;
 503.7373, 558.53424;
 859.30322, 419.0806;
 769.19318, 533.96771;
 1020.924, 519.10144;
 -6.9695511, 432.65558]
[724.37262, 502.95892;
 1125.9575, 472.9733;
 504.08267, 558.99219;
 858.77246, 419.56534;
 769.62994, 534.60248;
 1020.8902, 520.18658;
 -6.9695511, 432.65558]
[724.61902, 503.46732;
 1127.2421, 473.71774;
 504.39877, 559.48383;
 858.64209, 420.15024;
 769.86829, 535.12018;
 1020.6614, 520.71509;
 -6.9695511, 432.65558]
[725.85333, 504.0032;
 1127.4565, 474.26898;
 504.42136, 560.0072;
 858.37799, 420.88696;
 770.40375, 535.7735;
 1020.9644, 521.77478;
 -6.9695511, 432.65558]
[726.47302, 504.22046;
 1129.1115, 475.17535;
 504.83191, 560.31329;
 858.21771, 421.44247;
 770.73834, 536.35455;
 1021.9517, 524.70642;
 -6.9695511, 432.65558]
[727.35327, 504.75912;
 1129.9432, 475.7352;
 505.72128, 559.89996;
 858.15375, 422.44748;
 770.83289, 536.76886;
 1021.9344, 524.77667;
 -6.9695511, 432.65558]
[728.44971, 505.49377;
 1131.4419, 476.49503;
 506.51901, 560.24872;
 858.1048, 423.43314;
 770.86188, 537.3244;
 1022.1274, 525.9104;
 -6.9695511, 432.65558]
[729.70538, 505.81024;
 1132.3203, 476.9173;
 506.63065, 560.34009;
 857.65881, 423.68027;
 771.17096, 537.94855;
 1022.0762, 527.19348;
 -6.9695511, 432.65558]
[730.69189, 506.33838;
 1134.4351, 477.70911;
 507.02063, 560.40265;
 857.27045, 423.99921;
 771.62811, 538.58771;
 1022.1519, 528.25275;
 -6.9695511, 432.65558]
[731.30487, 507.41055;
 1134.2633, 477.68359;
 507.01093, 560.63477;
 856.97748, 424.22479;
 771.97394, 538.87738;
 1023.2153, 529.14844;
 -6.9695511, 432.65558]
[731.97357, 508.0372;
 1135.9283, 477.82437;
 507.60919, 560.9129;
 855.34003, 425.28116;
 772.42786, 538.96167;
 1023.2709, 529.56134;
 -6.9695511, 432.65558]
[732.84369, 507.99667;
 1137.3503, 477.78723;
 507.76877, 561.10583;
 854.61523, 425.6738;
 772.55762, 539.31171;
 1024.4497, 529.97833;
 -6.9695511, 432.65558]
[733.28058, 508.11011;
 1138.459, 477.73508;
 507.72842, 560.96973;
 853.6283, 426.21762;
 772.71436, 539.42535;
 1024.7712, 530.1275;
 -6.9695511, 432.65558]
[733.53876, 508.34818;
 1139.4739, 477.75757;
 507.43698, 561.0354;
 853.15436, 426.44733;
 772.53876, 539.92108;
 1025.0502, 530.34839;
 -6.9695511, 432.65558]
[736.69922, 507.46802;
 1143.7058, 477.74533;
 508.72083, 563.57886;
 851.55005, 428.0054;
 772.50757, 539.84882;
 1027.1873, 530.94415;
 -6.9695511, 432.65558]
[738.10248, 507.09134;
 1144.5768, 477.67441;
 508.8262, 563.65039;
 850.28363, 427.65118;
 772.13312, 540.31366;
 1027.3104, 531.57172;
 -6.9695511, 432.65558]
[740.31366, 506.28751;
 1146.4497, 477.20889;
 508.85614, 563.91888;
 849.00989, 427.17932;
 770.99463, 539.92474;
 1028.5996, 530.47839;
 -6.9695511, 432.65558]
[741.6261, 505.58347;
 1147.1996, 477.18253;
 508.89026, 564.0296;
 847.70984, 426.85104;
 770.59003, 539.77893;
 1029.8679, 530.43079;
 -6.9695511, 432.65558]
[742.62646, 505.05374;
 1147.7333, 476.71771;
 508.84918, 564.17816;
 846.70709, 426.80783;
 769.86786, 540.0517;
 1031.3375, 530.41925;
 -6.9695511, 432.65558]
[743.71545, 504.11319;
 1149.1971, 476.80167;
 508.39468, 564.6347;
 846.06091, 426.96082;
 768.39117, 540.24609;
 1033.3412, 530.00226;
 -6.9695511, 432.65558]
[744.18286, 503.6373;
 1149.2163, 476.49261;
 508.14767, 564.7724;
 845.57294, 426.55313;
 767.56909, 540.34363;
 1034.1158, 529.74115;
 -6.9695511, 432.65558]
[744.93512, 503.35974;
 1150.5463, 476.45352;
 508.37006, 565.05804;
 845.5426, 426.59183;
 766.43542, 540.67749;
 1035.2405, 529.57861;
 -6.9695511, 432.65558]
[744.85364, 503.13702;
 1151.077, 475.98312;
 508.23788, 565.49048;
 845.24176, 426.30408;
 765.61462, 540.79236;
 1036.0952, 529.27667;
 -6.9695511, 432.65558]
[745.04211, 502.70148;
 1151.7505, 475.82166;
 508.20325, 565.14764;
 844.7804, 425.53976;
 764.87195, 540.95544;
 1038.0455, 530.02917;
 -6.9695511, 432.65558]
[745.70178, 502.61835;
 1152.45, 475.70654;
 507.37787, 564.88239;
 844.72766, 425.46161;
 764.15186, 541.26794;
 1039.0321, 530.14899;
 -6.9695511, 432.65558]
[745.99274, 502.13727;
 1152.8949, 475.88266;
 507.25311, 565.05487;
 844.59808, 425.38174;
 763.78485, 541.34753;
 1040.2914, 530.435;
 -6.9695511, 432.65558]
[746.15631, 501.68265;
 1153.6558, 475.49161;
 506.7998, 564.94061;
 844.2168, 425.29196;
 763.45013, 541.37231;
 1042.0895, 530.5401;
 -6.9695511, 432.65558]
[745.72595, 501.2673;
 1154.7823, 475.41949;
 506.71426, 564.64307;
 843.58093, 425.13654;
 762.45654, 541.45416;
 1043.4781, 530.13843;
 -6.9695511, 432.65558]
[744.91925, 500.77017;
 1154.9332, 475.64142;
 506.26187, 564.4151;
 842.85413, 425.11398;
 761.90875, 541.59894;
 1044.78, 530.40955;
 -6.9695511, 432.65558]
[742.36328, 499.91052;
 1155.3782, 475.18835;
 505.78918, 563.91595;
 842.138, 424.82623;
 760.82288, 541.73993;
 1046.0044, 530.19885;
 -6.9695511, 432.65558]
[743, 498;
 1155.3481, 474.88013;
 505.27866, 563.60437;
 841.59674, 424.57153;
 759.90607, 541.71484;
 1052, 539;
 -6.9695511, 432.65558]
[740.49316, 496.74677;
 1155.02, 474.41772;
 505.05875, 563.39294;
 840.61877, 424.24786;
 759.42963, 541.7193;
 1053.066, 538.76642;
 -6.9695511, 432.65558]
[738.25604, 496.66827;
 1155.0203, 474.11166;
 504.47119, 563.00757;
 839.87146, 424.00085;
 758.55389, 541.76794;
 1053.8768, 538.67224;
 -6.9695511, 432.65558]
[727, 491;
 1155.3573, 473.81027;
 504.53287, 563.09332;
 838.71198, 424.52618;
 757.86633, 542.23932;
 1054.3208, 538.04126;
 -6.9695511, 432.65558]
[723.58917, 489.74445;
 1154.7599, 473.74673;
 503.79355, 563.29224;
 837.93011, 424.14594;
 756.53662, 542.21228;
 1055.1877, 538.08417;
 -6.9695511, 432.65558]
[720.92462, 489.05417;
 1154.6066, 473.54028;
 502.84372, 563.07465;
 837.01721, 424.00775;
 755.82977, 542.52002;
 1056.1294, 538.19824;
 -6.9695511, 432.65558]
[719.38202, 487.79208;
 1154.5918, 473.46393;
 503.05927, 563.02716;
 835.80725, 423.61197;
 754.72009, 542.36688;
 1056.9353, 538.35724;
 -6.9695511, 432.65558]
[718.13538, 486.18243;
 1154.385, 473.15189;
 502.24133, 562.75928;
 834.54034, 423.3573;
 753.45642, 542.54785;
 1057.2839, 538.0224;
 -6.9695511, 432.65558]
[717.80017, 485.50305;
 1154.3157, 472.76257;
 501.51007, 562.87805;
 833.24725, 423.88208;
 752.8855, 542.68982;
 1057.4506, 538.00531;
 -6.9695511, 432.65558]
[718.40802, 483.98199;
 1154.2343, 472.74249;
 500.54156, 563.05438;
 832.19135, 424.31824;
 751.54944, 542.41119;
 1057.6759, 536.09393;
 -6.9695511, 432.65558]
[719.36224, 483.30316;
 1154.0254, 472.33777;
 499.34564, 562.99823;
 827, 424;
 750.05206, 542.45837;
 1057.7106, 536.08032;
 -6.9695511, 432.65558]
[720.32336, 482.65552;
 1154.0253, 472.34021;
 498.61945, 563.00909;
 825.94495, 424.28436;
 748.79968, 542.51929;
 1057.652, 536.19098;
 -6.9695511, 432.65558]
[720.94189, 482.48157;
 1153.3131, 472.24365;
 497.62564, 563.75586;
 824.51251, 424.31332;
 747.51422, 542.19659;
 1057.6923, 535.90454;
 -6.9695511, 432.65558]
[722.00616, 481.99725;
 1153.3134, 472.24414;
 496.6604, 564.0827;
 822.83826, 424.50247;
 745.94476, 542.11658;
 1057.7452, 535.89838;
 -6.9695511, 432.65558]
[725.12421, 482.44116;
 1153.1832, 473.40146;
 494.67731, 565.82416;
 820.26947, 424.91769;
 742.51691, 541.59863;
 1058.3914, 537.56396;
 -6.9695511, 432.65558]
[726.62775, 483.17166;
 1153.2058, 473.7308;
 493.1965, 566.39722;
 819.09015, 425.02658;
 740.57123, 541.75049;
 1058.5505, 537.80975;
 -6.9695511, 432.65558]
[727.73309, 483.96915;
 1153.1862, 473.75891;
 491.97906, 566.87103;
 817.78943, 425.24115;
 739.54297, 542.08307;
 1059.2103, 537.78302;
 -6.9695511, 432.65558]
[728.31134, 484.34875;
 1152.9998, 474.33279;
 490.77469, 567.57623;
 816.72394, 425.19617;
 737.90125, 542.35492;
 1059.2905, 538.05884;
 -6.9695511, 432.65558]
[729.01758, 484.22626;
 1152.1064, 474.92886;
 489.26816, 568.34015;
 815.68445, 425.47626;
 736.14716, 542.6073;
 1059.8486, 538.4267;
 -6.9695511, 432.65558]
[729.28345, 484.3812;
 1151.7589, 475.59918;
 487.99753, 568.63318;
 813.74994, 425.07776;
 734.31128, 543.0517;
 1060.6799, 538.94604;
 -6.9695511, 432.65558]
[728.81213, 485.1759;
 1151.6886, 476.07666;
 485.8718, 568.74127;
 812.17651, 425.33377;
 733.47614, 543.7157;
 1061.9191, 538.59174;
 -6.9695511, 432.65558]
[728.63763, 485.70749;
 1151.1149, 476.7485;
 485.02576, 569.48547;
 810.54016, 425.60126;
 731.97693, 544.27808;
 1063.403, 538.39276;
 -6.9695511, 432.65558]
[727.97247, 486.75458;
 1151.1112, 477.22144;
 483.98514, 570.3606;
 808.93048, 425.87488;
 730.39075, 544.7807;
 1065.0914, 538.66003;
 -6.9695511, 432.65558]
[726.45331, 487.55865;
 1150.4415, 477.94888;
 482.20374, 569.93817;
 807.68835, 426.13748;
 729.1546, 545.01801;
 1066.3073, 538.66339;
 -6.9695511, 432.65558]
[725.38031, 488.57358;
 1150.0496, 478.89502;
 481.1608, 569.50806;
 807.65222, 426.55414;
 728.09521, 545.44647;
 1067.9178, 539.24884;
 -6.9695511, 432.65558]
[724.41077, 489.24121;
 1149.6276, 479.52063;
 480.31329, 570.16217;
 807.70148, 427.25375;
 732, 548;
 1069.7429, 540.07928;
 -6.9695511, 432.65558]
[721.45355, 490.3175;
 1149.1348, 480.505;
 479.66934, 571.38812;
 807.04126, 428.12323;
 730.60425, 548.6134;
 1071.5476, 540.19818;
 -6.9695511, 432.65558]
[720.13293, 490.7854;
 1148.4678, 481.30655;
 479.24667, 571.82703;
 805.95135, 429.07227;
 729.2359, 549.16046;
 1073.3348, 540.42004;
 -6.9695511, 432.65558]
[719.33698, 491.46881;
 1148.2526, 482.67929;
 478.64951, 572.70062;
 805.05042, 429.86472;
 727.97272, 549.45782;
 1074.8148, 541.01221;
 -6.9695511, 432.65558]
[719.71466, 491.13422;
 1147.9685, 484.10846;
 478.19962, 573.61975;
 802.63342, 430.98706;
 727.1676, 550.20221;
 1076.4291, 541.52106;
 -6.9695511, 432.65558]
[718.33698, 491.44342;
 1147.5165, 484.83926;
 477.47913, 574.60345;
 800.28503, 431.6369;
 726.31427, 550.56769;
 1077.6053, 542.06885;
 -6.9695511, 432.65558]
[718.06842, 491.87585;
 1147.152, 485.88895;
 477.55682, 575.55634;
 797.2359, 432.24634;
 725.25616, 551.18854;
 1078.6245, 542.43829;
 -6.9695511, 432.65558]
[717.68402, 492.38467;
 1147.2202, 486.71603;
 477.1994, 576.13745;
 794.67719, 432.82449;
 724.75787, 551.91614;
 1080.3914, 542.63812;
 -6.9695511, 432.65558]
[716.71735, 493.24741;
 1146.651, 487.73648;
 476.67209, 577.16675;
 792.34235, 433.3587;
 723.88745, 552.58453;
 1080.7631, 543.54865;
 -6.9695511, 432.65558]
[717.15332, 494.42294;
 1146.2798, 488.56372;
 476.30426, 578.00708;
 788.9314, 434.25516;
 722.99872, 553.39722;
 1082.1764, 543.74347;
 -6.9695511, 432.65558]
[717.65857, 495.5029;
 1145.4922, 489.51477;
 475.4101, 578.1087;
 786.75159, 435.08661;
 721.93579, 554.18127;
 1083.4348, 544.58392;
 -6.9695511, 432.65558]
[716.52167, 495.94116;
 1145.9315, 490.23724;
 474.82135, 578.93176;
 784.5849, 436.55124;
 721.08771, 554.86212;
 1084.2474, 545.06049;
 -6.9695511, 432.65558]
[715.34155, 496.18082;
 1145.9315, 490.23721;
 474.29324, 579.81921;
 782.66229, 437.99796;
 719.60535, 555.68268;
 1084.3796, 545.81122;
 -6.9695511, 432.65558]
[715.23138, 496.30014;
 1146.6959, 491.12097;
 473.81952, 580.99023;
 779.91797, 438.45099;
 717.86255, 555.99146;
 1085.1776, 546.78412;
 -6.9695511, 432.65558]
[705, 502;
 1147.2047, 491.5141;
 475, 580;
 780, 439;
 715, 559;
 1085, 553;
 521, 478]
[705.12067, 502.38953;
 1147.5465, 491.92068;
 475.19821, 580.78369;
 778.86536, 439.23798;
 713.6875, 559.7193;
 1085.386, 553.8941;
 521.07208, 478.5928]
[705.15814, 502.70505;
 1147.8907, 492.45001;
 474.9213, 581.57898;
 777.97687, 439.69275;
 711.96008, 560.25317;
 1086.0441, 555.27136;
 521.18781, 479.16736]
[704.7981, 503.23547;
 1148.271, 492.93539;
 474.44165, 582.37732;
 777.23297, 439.83456;
 709.99042, 560.98438;
 1086.8202, 555.7865;
 521.42462, 479.9014]
[704.99329, 503.25635;
 1149.5713, 493.75742;
 474.43445, 583.6618;
 772.64172, 439.70285;
 706.33221, 561.81866;
 1087.7236, 558.22864;
 522.85889, 481.10153]
[704.84589, 503.82993;
 1150.368, 494.2832;
 474.42645, 584.25171;
 771.32404, 439.9761;
 705.55573, 562.96637;
 1088.9875, 558.15137;
 523.01508, 481.54581]
[705.00128, 503.89468;
 1151.2391, 495.80908;
 474.21326, 585.38458;
 770.02997, 439.58661;
 704.36884, 563.47833;
 1090.1646, 558.99603;
 523.60577, 482.22415]
[704.56824, 504.33957;
 1151.2391, 495.80908;
 473.71286, 585.70422;
 767.8454, 440.04929;
 702.95599, 564.04272;
 1091.2566, 559.38983;
 524.12103, 482.32465]
[703.99512, 504.16119;
 1151.8892, 496.62683;
 473.71265, 585.90637;
 765.74817, 440.47577;
 701.61102, 565.24945;
 1092.3896, 560.31641;
 524.02765, 482.81665]
[703.11041, 504.29456;
 1152.6068, 497.40952;
 472.92822, 587.43073;
 763.64563, 441.30746;
 700.35712, 566.01196;
 1092.9855, 561.10883;
 524.51166, 483.28775]
[702.63696, 504.70193;
 1153.1404, 498.49002;
 472.78876, 588.12378;
 762.51013, 442.04538;
 699.19019, 566.49933;
 1094.7955, 561.34106;
 524.52081, 483.73044]
[702.39044, 505.15298;
 1152.9191, 499.14163;
 472.7196, 588.51428;
 760.29419, 442.29321;
 697.72778, 566.90887;
 1095.6786, 562.29376;
 524.71948, 484.04059]
[702.15656, 505.6626;
 1152.9191, 499.14166;
 471.73959, 589.64697;
 758.5199, 442.8533;
 696.93756, 567.37885;
 1096.911, 562.68384;
 524.34857, 484.48944]
[701.58868, 506.0451;
 1152.9255, 500.04935;
 470.87985, 590.4726;
 756.34747, 443.44568;
 695.38263, 567.90417;
 1097.7457, 563.63739;
 523.64081, 484.99561]
[701.62061, 506.2439;
 1152.9255, 500.04935;
 470.54309, 591.29413;
 754.8551, 444.42154;
 694.14752, 568.44849;
 1097.9426, 563.81427;
 523.55481, 485.34891]
[701.82507, 506.0231;
 1152.533, 500.84177;
 469.9223, 592.31439;
 752.94458, 444.16287;
 692.63171, 569.19531;
 1099.1526, 564.50293;
 522.81201, 485.82437]
[702.71045, 505.05511;
 1151.6876, 501.6517;
 469.75903, 593.10535;
 751.43036, 446.07413;
 690.80042, 570.2384;
 1100.4635, 564.67365;
 522.6582, 485.78937]
[702.8418, 504.69318;
 1151.7245, 501.70361;
 469.32507, 593.71692;
 749.23932, 447.1308;
 689.44928, 570.66193;
 1100.6849, 565.47595;
 522.01617, 486.59613]
[702.8678, 504.35724;
 1151.2079, 503.12119;
 468.07343, 594.78296;
 748.09564, 447.50241;
 688.20148, 571.82172;
 1101.6056, 565.88177;
 521.01959, 486.85999]
[702.88226, 504.92462;
 1150.2123, 503.37296;
 467.09595, 595.29431;
 746.58722, 448.12408;
 686.71844, 572.65625;
 1102.1383, 566.16583;
 520.01917, 488.12585]
[702.90302, 505.82513;
 1150.3556, 503.77951;
 466.1745, 595.78711;
 745.51501, 448.43484;
 684.86066, 573.11578;
 1101.7889, 566.34418;
 519.01898, 488.36191]
[702.98651, 506.58487;
 1149.7272, 504.08075;
 464.86783, 596.26373;
 743.77655, 449.45209;
 682.55829, 574.198;
 1102.4104, 566.37482;
 517.88007, 488.49527]
[701.73584, 506.7507;
 1148.7172, 504.5513;
 463.66812, 596.73999;
 742.31653, 449.91946;
 680.67883, 574.67902;
 1102.4426, 566.19409;
 517.01025, 488.58102]
[700.28015, 507.07703;
 1148.306, 504.59134;
 462.48959, 596.97455;
 741.11157, 449.83475;
 678.43781, 575.26758;
 1102.4441, 566.19482;
 516.26086, 488.60342]
[699.35089, 507.26593;
 1147.6949, 504.52655;
 461.49078, 597.86572;
 740.02881, 450.30005;
 675.3241, 574.76605;
 1102.446, 566.19061;
 515.23132, 488.61191]
[698.56934, 506.79974;
 1147.4832, 505.55685;
 459.76434, 597.98572;
 738.8031, 450.71478;
 672.28198, 575.09906;
 1102.327, 565.10077;
 514.40466, 489.24957]
[697.29352, 506.7789;
 1147.5905, 506.2608;
 458.53214, 598.35242;
 737.56665, 450.7507;
 667.9295, 575.5351;
 1102.1005, 564.73218;
 513.51465, 489.47314]
[695.7204, 505.98331;
 1147.3063, 506.68497;
 457.02072, 598.64862;
 736.93384, 451.12466;
 664.12158, 574.61072;
 1101.7134, 564.38422;
 512.43945, 489.69843]
[694.29364, 505.8194;
 1146.3427, 507.09103;
 455.79428, 598.72345;
 735.91907, 451.36957;
 659.91193, 573.59167;
 1101.6844, 564.23895;
 511.18652, 489.70682]
[692.07684, 504.85294;
 1146.3781, 507.8367;
 455.33392, 598.75031;
 734.69025, 451.3725;
 655.48883, 572.03906;
 1101.1887, 564.00427;
 510.1871, 489.7738]
[689.32416, 503.44833;
 1146.6311, 507.75171;
 453.83121, 598.66705;
 733.73181, 451.73483;
 650.76782, 571.26434;
 1100.972, 564.12219;
 509.0676, 489.89236]
[687.0921, 501.76361;
 1145.3903, 508.56076;
 453.15869, 598.6098;
 732.61401, 452.09064;
 646.02814, 570.50171;
 1100.4146, 564.68573;
 507.55481, 489.9032]
[685.63806, 500.63419;
 1144.6726, 508.64795;
 452.14954, 598.16492;
 731.76965, 452.83054;
 641.74182, 570.35468;
 1099.6476, 565.39343;
 505.80103, 489.92627]
[685.00787, 499.39777;
 1144.1655, 508.58234;
 452.36713, 598.40088;
 730.9621, 453.51813;
 637.86865, 570.6153;
 1099.7063, 565.7229;
 504.04721, 490.04297]
[687.08405, 499.14951;
 1142.6809, 508.47076;
 451.20752, 597.68323;
 730.08142, 453.70767;
 633.37024, 570.8623;
 1099.6962, 566.79303;
 502.53503, 490.32178]
[688.84845, 490.63562;
 1141.6997, 504.14911;
 449.92523, 598.13007;
 728.43585, 454.07629;
 626.04785, 571.12744;
 1099.4449, 568.95654;
 499.78113, 490.32587]
[691.47357, 490.89359;
 1141.7484, 503.95517;
 449.4989, 598.10284;
 727.1709, 454.17911;
 622.57367, 571.88416;
 1099.516, 569.58221;
 497.97861, 490.66531]
[690.92535, 491.2988;
 1141.9923, 503.38089;
 448.04837, 598.35718;
 725.89801, 454.91483;
 618.5965, 572.2395;
 1099.5731, 570.49194;
 496.56683, 491.05792]
[694.20154, 494.06717;
 1143.1764, 503.42694;
 447.95041, 598.39899;
 724.72296, 454.88727;
 615.12543, 572.67493;
 1099.5364, 570.9267;
 495.29584, 491.11755]
[694.85541, 492.99677;
 1143.892, 503.69028;
 446.93686, 599.46045;
 723.81116, 455.54523;
 611.08978, 572.21954;
 1099.83, 572.21411;
 493.87924, 491.10037]
[663, 499;
 1146.1672, 504.93222;
 446.02707, 600.37146;
 722.57269, 455.78729;
 607.42352, 572.10779;
 1100.1265, 572.4873;
 492.78888, 491.57489]
[661.97223, 499.5173;
 1148.2594, 505.55905;
 445.73767, 600.96277;
 721.86432, 456.52527;
 606.07257, 575.78436;
 1100.293, 572.2868;
 491.59399, 491.83612]
[661.57147, 499.92923;
 1150.8695, 506.47836;
 445.70761, 601.27472;
 721.04773, 456.91904;
 599.25781, 572.96417;
 1101.3379, 571.94861;
 490.37524, 492.24625]
[660.69543, 500.79596;
 1153.1758, 507.65012;
 444.80481, 601.72479;
 721.32422, 457.50018;
 593.46387, 575.3891;
 1102.4702, 572.78461;
 489.3508, 492.50031]
[660.44769, 501.28467;
 1153.3004, 507.38852;
 445.32996, 601.56189;
 721.47461, 458.18585;
 589.3479, 576.11389;
 1103.3588, 573.27081;
 488.59213, 493.03421]
[661.24615, 502.0976;
 1152.5575, 506.88193;
 446.81073, 602.0462;
 721.61011, 458.85733;
 586.35742, 582.27118;
 1104.1587, 574.56799;
 487.83218, 493.07227]
[661.99231, 502.22833;
 1152.5908, 506.57877;
 448.03412, 601.65277;
 721.82092, 459.42682;
 581.70441, 584.39563;
 1105.3833, 575.24591;
 487.1347, 493.31857]
[663.25049, 501.71802;
 1152.4026, 506.59485;
 450.42239, 600.74036;
 722.58368, 460.22638;
 583, 574;
 1107.8826, 575.92902;
 486.86765, 493.77936]
[664.43793, 501.0509;
 1161.1733, 508.47128;
 452.56693, 599.72467;
 723.64673, 461.16687;
 580.02795, 574.15289;
 1110.9198, 576.86847;
 486.13327, 494.06595]
[665.98572, 499.21704;
 1161.261, 507.97858;
 455.85269, 597.56787;
 724.66071, 461.58435;
 576.63831, 574.57202;
 1113.165, 577.10529;
 485.71542, 494.24606]
[668.35675, 497.70892;
 1161.7631, 507.74643;
 460.35123, 597.43298;
 726.13721, 462.7056;
 573.11395, 574.85675;
 1115.1179, 578.31689;
 485.72708, 494.6748]
[670.94879, 496.44525;
 1153.6135, 511.4765;
 464.74448, 596.99811;
 727.39447, 463.06271;
 570.33105, 575.65662;
 1118.2216, 579.34375;
 485.83658, 494.88467]
[673.70526, 495.79874;
 1155.7289, 512.08362;
 469.02121, 597.17603;
 728.90875, 464.18506;
 566.57941, 576.862;
 1120.6757, 580.32263;
 485.83707, 494.88254]
[676.62146, 495.26056;
 1156.1368, 512.17285;
 473.15567, 596.74811;
 730.18176, 465.09976;
 563.27814, 577.55853;
 1123.7158, 580.51294;
 485.55554, 495.3667]
[678.8645, 494.79883;
 1157.2415, 513.58887;
 477.7666, 596.03107;
 731.60809, 465.59952;
 560.74841, 578.38776;
 1125.9281, 581.22681;
 485.35031, 495.46774]
[680.89288, 494.72324;
 1155.5065, 513.77124;
 475, 588;
 732.50519, 465.88495;
 557.59814, 579.67029;
 1127.722, 582.0285;
 485.07028, 495.65701]
[682.35828, 495.37729;
 1152.9139, 514.52271;
 474.16132, 590.922;
 733.87897, 466.47327;
 555.11542, 580.83167;
 1129.8987, 581.98419;
 485.06329, 495.93018]
[683.6908, 496.10046;
 1153.4362, 515.04572;
 477.23816, 591.31494;
 735.15277, 466.78714;
 552.84955, 581.96698;
 1131.1034, 582.80652;
 485.06726, 496.20197]
[684.90228, 497.71536;
 1152.7677, 515.52881;
 495, 596;
 736.29102, 467.32797;
 550.08698, 583.20636;
 1133.3628, 583.25781;
 485.07605, 496.45911]
[686.34229, 498.23914;
 1153.2649, 516.12592;
 498.92413, 595.64948;
 737.59967, 467.40918;
 547.54529, 583.74463;
 1134.8621, 583.18628;
 485.09741, 496.83899]
[687.11139, 499.35272;
 1153.5358, 516.45447;
 501.54044, 595.64258;
 738.80908, 467.5899;
 544.77545, 584.53601;
 1137.5352, 583.51794;
 485.04556, 497.28766]
[688.0907, 499.80804;
 1153.6528, 516.98718;
 504.87775, 603.4054;
 739.94012, 467.64468;
 544.22406, 584.44397;
 1139.0729, 583.13214;
 485.75378, 497.29428]
[688.43365, 500.67459;
 1153.8596, 517.13428;
 504, 593;
 742.19299, 467.17068;
 543, 578;
 1141.1541, 583.40222;
 485.96765, 497.4957]
[689.03778, 501.60071;
 1154.3719, 517.07935;
 508.34772, 595.44025;
 743.31805, 467.59689;
 543.43903, 582.15924;
 1142.9192, 583.35278;
 486.28275, 497.40753]
[691.01495, 502.52441;
 1156.7207, 517.65588;
 513.15149, 598.88696;
 746.25439, 467.76132;
 539.96936, 580.19;
 1146.9561, 582.46387;
 487.52173, 497.41669]
[692.12604, 502.16989;
 1155.6381, 517.51221;
 515.64246, 599.71069;
 747.97717, 467.52411;
 537.77344, 578.87195;
 1147.9907, 581.39722;
 487.9285, 497.40393]
[693.40417, 502.52808;
 1156.9034, 517.599;
 517.73901, 601.03357;
 749.23224, 467.57932;
 536.41559, 577.47491;
 1150.0957, 581.60358;
 488.409, 497.41663]
[694.63824, 502.40952;
 1157.9803, 517.42523;
 521.07916, 601.02539;
 750.56879, 467.7962;
 532.84033, 575.95105;
 1152.1514, 581.32599;
 488.64453, 497.43927]
[695.98456, 502.76797;
 1161.3716, 517.17352;
 524.354, 601.42346;
 751.36456, 468.0239;
 531.29694, 576.60931;
 1153.4905, 581.14276;
 489.14801, 497.43317]
[696.85773, 502.92133;
 1161.7715, 516.74182;
 527.40271, 601.65057;
 752.74146, 468.18875;
 531.27783, 577.7442;
 1154.2516, 581.29199;
 489.23972, 497.4198]
[699.383, 503.10211;
 1162.4613, 516.8598;
 531.06189, 600.75317;
 753.73792, 468.31631;
 530.12628, 578.4422;
 1155.3099, 581.73608;
 489.60455, 497.40601]
[700.86841, 502.59225;
 1162.9885, 517.43518;
 535.19714, 600.66107;
 754.77557, 468.10043;
 528.55444, 578.61859;
 1156.0376, 582.19202;
 489.85651, 497.5365]
[703.3941, 502.52344;
 1164.1516, 518.23804;
 538.09998, 599.59027;
 755.53467, 468.63599;
 526.9856, 579.5246;
 1156.401, 581.90729;
 489.99957, 497.55734]
[704.82904, 502.77084;
 1232, 528;
 540.51483, 600.37628;
 756.60724, 468.64594;
 525.45953, 580.01892;
 1156.7025, 581.77399;
 490.30286, 497.94131]
[706.1684, 502.11148;
 1234.1787, 528.35352;
 542.78583, 599.98724;
 756.92932, 468.87054;
 523.51245, 581.55798;
 1158.198, 581.92719;
 490.09143, 499.03848]
[707.26819, 502.08307;
 1237.2278, 528.10748;
 544.24738, 599.88416;
 758.57843, 469.0892;
 522.30267, 580.79083;
 1158.1272, 581.58728;
 490.56946, 499.28659]
[708.87726, 501.80255;
 1240.5939, 528.86646;
 545.82495, 599.96704;
 759.84674, 467.99628;
 522.08484, 579.71295;
 1158.364, 581.8418;
 489.01276, 500.73792]
[709.77515, 501.87149;
 1243.8088, 529.89612;
 548.01758, 600.01642;
 761.29639, 468.14975;
 521.67523, 578.80121;
 1158.6864, 580.88629;
 489.26929, 501.05328]
[710.95807, 501.36081;
 1247.5099, 529.39532;
 550.27875, 599.90601;
 762.32532, 467.87308;
 516.86414, 579.96838;
 1159.8524, 582.22498;
 488.71564, 501.78925]
[711.34351, 501.16937;
 1252.0516, 529.27802;
 551.99976, 599.76825;
 762.97272, 467.91495;
 517.5592, 579.69965;
 1159.8583, 582.24945;
 488.71753, 501.79022]
[712.34192, 501.18311;
 1255.2622, 530.56824;
 554.22919, 599.74744;
 763.37683, 467.69287;
 512.40698, 612.78162;
 1159.8997, 582.36224;
 488.73096, 502.28732]
[713.09296, 501.2117;
 1259.2122, 531.07391;
 555.65869, 598.96039;
 763.95691, 467.68164;
 514.49799, 613.3385;
 1159.8999, 582.57477;
 488.68387, 502.30292]
[713.39996, 501.44586;
 1262.7595, 531.64343;
 556.3042, 598.31097;
 764.73041, 468.09381;
 515.4115, 613.99048;
 1160.3075, 582.73981;
 488.67422, 502.80118]
[714.20911, 501.48401;
 1266.8604, 531.68347;
 557.69952, 596.93536;
 765.35046, 468.16095;
 514.64868, 614.55902;
 1160.3168, 582.76648;
 488.82156, 502.97598]
[714.84546, 501.42505;
 1270.5786, 532.20764;
 555.85492, 593.73907;
 766.4892, 467.50223;
 513.9718, 614.72314;
 1160.7898, 583.26978;
 487.81839, 503.44974]
[714.99817, 501.46033;
 1274.8396, 532.18604;
 551.63751, 592.40381;
 767.25684, 467.51395;
 513.97076, 614.09229;
 1160.7899, 583.2702;
 487.81815, 503.44867]
[716.01636, 501.45035;
 1280.0414, 533.03607;
 552.24164, 592.01996;
 767.37067, 467.99002;
 512.99377, 613.67328;
 1160.7899, 583.27026;
 487.81815, 503.44485]
[716.36127, 501.56946;
 1282.8506, 532.51367;
 553.43378, 592.73511;
 767.26373, 467.77707;
 512.72534, 612.86969;
 1161.3204, 583.06525;
 487.33435, 503.69891]
[716.2298, 501.3251;
 1283.7347, 533.91742;
 554.52002, 592.90405;
 767.69458, 468.24969;
 512.08112, 612.91406;
 1161.3232, 583.06635;
 487.33926, 503.69846]
[716.16388, 501.26953;
 1286.7352, 539.0307;
 555.78076, 592.78015;
 767.75421, 468.78589;
 512.68982, 612.63873;
 1162.8303, 583.36835;
 487.34457, 503.70197]
[716.40875, 501.32465;
 1291.2684, 540.52319;
 556.98627, 592.85083;
 767.69189, 468.78345;
 484, 579;
 1163.6079, 583.9635;
 487.09305, 503.71887]
[716.31274, 501.39868;
 1294.4287, 540.8609;
 557.70758, 593.06482;
 767.8349, 468.94519;
 482.91406, 579.04907;
 1164.3247, 584.0473;
 487.34201, 503.47711]
[715.90906, 501.34949;
 1299.207, 541.69995;
 558.35199, 593.547;
 767.72034, 469.1857;
 482.2301, 578.98718;
 1165.8475, 583.96735;
 487.34125, 503.73618]
